1048 1084 1103 0032 1080 0032 1092 1072 1084 1080 1083 1080 1103 0032 0040 1080 1083 1080 0032 1087 1089 1077 1074 1076 1086 1085 1080 1084 0041 0058
0010 0088 0097 0101 0114 0111 0010 1055 1086 1083 0058 0010 1052 1091 1078 1095 1080 1085 1072 0010 1042 1086 1079 1088 1072 1089 1090 0058 0010 0052
0053 8211 0053 0052 0010 1042 1072 1096 1077 0032 1089 1077 1084 1077 1081 1085 1086 1077 0032 1087 1086 1083 1086 1078 1077 1085 1080 1077 0058 0010
1043 1088 1072 1078 1076 1072 1085 1089 1082 1080 1081 0032 1073 1088 1072 1082 0010 1054 1073 1088 1072 1079 1086 1074 1072 1085 1080 1077 0058 0010
1042 1099 1089 1096 1077 1077 0032 0040 1073 1072 1082 1072 1083 1072 1074 1088 1080 1072 1090 0041 0010 1056 1072 1073 1086 1090 1072 1102 0010 0045
0111 0102 0102 0010 1059 1095 1091 1089 1100 0010 0045 0111 0102 0102 0010 1053 1072 0032 1087 1077 1085 1089 1080 1080 0010 0045 0111 0102 0102 0010
1042 1088 1077 1084 1077 1085 1085 1086 0032 1085 1077 0032 1088 1072 1073 1086 1090 1072 1102 0010 0045 0111 0102 0102 0010 1047 1072 1085 1080 1084
1072 1102 1089 1100 0032 1089 1077 1084 1100 1077 1081 0032 1080 0032 1076 1086 1084 1086 1084 0010 0045 0111 0102 0102 0010 1057 1074 1086 1081 0032
1073 1080 1079 1085 1077 1089 0010 0045 0111 0102 0102 0010 1057 1092 1077 1088 1072 0032 1076 1077 1103 1090 1077 1083 1100 1085 1086 1089 1090 1080
0032 0040 1084 1086 1078 1085 1086 0032 1074 1099 1073 1088 1072 1090 1100 0032 1085 1077 1089 1082 1086 1083 1100 1082 1086 0032 1074 1072 1088 1080
1072 1085 1090 1086 1074 0041 0058 0010 0115 0100 0115 0100 0115 0010 1055 1088 1086 1076 1072 1078 1080 0010 0045 0111 0102 0102 0010 1047 1076 1088
1072 1074 1086 1086 1093 1088 1072 1085 1077 1085 1080 1077 0010 0045 0111 0102 0102 0010 1069 1082 1086 1085 1086 1084 1080 1082 1072 0047 1092 1080
1085 1072 1085 1089 1099 0010 0045 0111 0102 0102 0010 1041 1080 1079 1085 1077 1089 0010 0045 0111 0102 0102 0010 1058 1077 1093 1085 1086 1083 1086
1075 1080 1080 0010 0045 0111 0102 0102 0010 1055 1088 1086 1080 1079 1074 1086 1076 1089 1090 1074 1086 0010 0045 0111 0102 0102 0010 0073 0084 0010
0045 0111 0102 0102 0010 1055 1089 1080 1093 1086 1083 1086 1075 1080 1103 0010 0045 0111 0102 0102 0010 1070 1088 1080 1089 1087 1088 1091 1076 1077
1085 1094 1080 1103 0010 0045 0111 0102 0102 0010 1058 1091 1088 1080 1079 1084 0010 0045 0111 0102 0102 0010 1053 1072 1091 1082 1072 0010 0045 0111
0110 0010 1054 1073 1088 1072 1079 1086 1074 1072 1085 1080 1077 0010 0045 0111 0102 0102 0010 1069 1079 1086 1090 1077 1088 1080 1082 1072 0010 0045
0111 0102 0102 0010 1044 1088 1091 1075 1086 1077 0010 0045 0111 0110 0010 1059 1076 1086 1074 1083 1077 1090 1074 1086 1088 1077 1085 1099 0032 1083
1080 0032 1042 1099 0032 1091 1089 1083 1086 1074 1080 1103 1084 1080 0032 1089 1074 1086 1077 1075 1086 0032 1087 1088 1086 1078 1080 1074 1072 1085
1080 1103 0032 1080 0032 1082 1072 1095 1077 1089 1090 1074 1086 1084 0032 1078 1080 1079 1085 1080 0063 0010 1053 1077 1090 0010 1057 1090 1072 1083
1082 1080 1074 1072 1083 1080 1089 1100 0032 1083 1080 0032 1042 1099 0044 0032 1087 1086 0032 1042 1072 1096 1077 1084 1091 0032 1084 1085 1077 1085
1080 1102 0044 0032 1089 0032 1087 1077 1088 1077 1078 1080 1074 1072 1085 1080 1077 1084 0032 0042 1101 1082 1079 1080 1089 1090 1077 1085 1094 1080
1072 1083 1100 1085 1086 1075 1086 0032 1082 1088 1080 1079 1080 1089 1072 0063 0010 1053 1077 1090 0010 1057 1090 1072 1083 1082 1080 1074 1072 1083
1080 1089 1100 0032 1083 1080 0032 1042 1099 0044 0032 1087 1086 0032 1042 1072 1096 1077 1084 1091 0032 1084 1085 1077 1085 1080 1102 0044 0032 1089
0032 1087 1077 1088 1077 1078 1080 1074 1072 1085 1080 1077 1084 0032 0042 1084 1080 1089 1090 1080 1095 1077 1089 1082 1086 1075 1086 0032 0047 0032
1076 1091 1093 1086 1074 1085 1086 1075 1086 0032 1086 1087 1099 1090 1072 0063 0010 1053 1077 1090 0010 1053 1077 0032 1087 1077 1088 1077 1078 1080
1074 1072 1083 0010 0045 0111 0102 0102 0010 1056 1077 1083 1080 1075 1080 1086 1079 1085 1099 1081 0032 1101 1082 1089 1090 1072 1079 0010 0045 0111
0102 0102 0010 1054 1089 1086 1079 1085 1072 1085 1085 1099 1077 0032 1089 1085 1086 1074 1080 1076 1077 1085 1080 1103 0010 0045 0111 0102 0102 0010
1054 1087 1099 1090 0032 1082 1083 1080 1085 1080 1095 1077 1089 1082 1086 1081 0032 1089 1084 1077 1088 1090 1080 0010 0045 0111 0102 0102 0010 1064
1072 1084 1072 1085 1089 1082 1080 1081 0032 1090 1088 1072 1085 1089 0010 0045 0111 0102 0102 0010 1055 1088 1080 1077 1084 0032 1087 1089 1080 1093
1086 1072 1082 1090 1080 1074 1085 1099 1093 0032 1074 1077 1097 1077 1089 1090 1074 0010 0045 0111 0102 0102 0010 1061 1086 1083 1086 1090 1088 1086
1087 1085 1086 1077 0032 1076 1099 1093 1072 1085 1080 1077 0010 0045 0111 0102 0102 0010 1043 1086 1088 1085 1072 1103 0032 1073 1086 1083 1077 1079
1085 1100 0010 0045 0111 0102 0102 0010 1052 1077 1076 1080 1090 1072 1094 1080 1103 0010 0045 0111 0102 0102 0010 1043 1074 1086 1079 1076 1077 1089
1090 1086 1103 1085 1080 1077 0010 0045 0111 0102 0102 0010 1057 1087 1086 1085 1090 1072 1085 1085 1099 1081 0010 0045 0111 0102 0102 0010 1055 1077
1088 1077 1078 1080 1074 1072 1083 0044 0032 1085 1086 0032 1085 1080 0032 1086 1076 1080 1085 0032 1080 1079 0032 1074 1072 1088 1080 1072 1085 1090
1086 1074 0032 1085 1077 0032 1087 1086 1076 1093 1086 1076 1080 1090 0010 0045 0111 0102 0102 0010 1071 0032 1086 1093 1086 1090 1085 1086 0032 1076
1086 1087 1091 1089 1082 1072 1102 0032 1083 1102 1076 1077 1081 0032 1074 0032 1089 1074 1086 1081 0032 1074 1085 1091 1090 1088 1077 1085 1085 1080
1081 0032 1084 1080 1088 0046 0010 1053 1077 1090 0010 1059 0032 1084 1077 1085 1103 0032 1085 1077 1090 0032 1087 1088 1080 1095 1080 1085 0032 1085
1077 0032 1076 1086 1074 1077 1088 1103 1090 1100 0032 1083 1102 1076 1103 1084 0046 0010 1053 1077 1090 0010 1071 0032 1073 1099 1089 1090 1088 1086
0032 1080 0032 1083 1077 1075 1082 1086 0032 1087 1088 1080 1085 1080 1084 1072 1102 0032 1088 1077 1096 1077 1085 1080 1103 0046 0010 1044 1072 0010
1042 0032 1085 1077 1086 1073 1093 1086 1076 1080 1084 1099 1093 0032 1089 1083 1091 1095 1072 1103 1093 0032 1103 0032 1091 1084 1077 1102 0032 1073
1099 1090 1100 0032 1078 1077 1089 1090 1082 1080 1084 0032 1080 0032 1085 1072 1087 1086 1088 1080 1089 1090 1099 1084 0046 0010 1053 1077 1090 0010
1071 0032 1088 1077 1076 1082 1086 0032 1073 1099 1074 1072 1102 0032 1089 1077 1088 1100 1077 1079 1085 1099 1084 0032 1080 0032 1084 1088 1072 1095
1085 1099 1084 0046 0010 1044 1072 0010 1054 1073 1099 1095 1085 1086 0032 1091 0032 1084 1077 1085 1103 0032 1087 1088 1080 1087 1086 1076 1085 1103
1090 1086 1077 0032 1080 0032 1086 1078 1080 1074 1083 1077 1085 1085 1086 1077 0032 1085 1072 1089 1090 1088 1086 1077 1085 1080 1077 0046 0010 1053
1077 1090 0010 1071 0032 1091 1089 1090 1072 1102 0032 1085 1077 0032 1073 1099 1089 1090 1088 1077 1077 0044 0032 1095 1077 1084 0032 1076 1088 1091
1075 1080 1077 0032 1083 1102 1076 1080 0046 0010 1044 1072 0010 1071 0032 1083 1102 1073 1083 1102 0044 0032 1082 1086 1075 1076 1072 0032 1084 1085
1086 1081 0032 1074 1086 1089 1093 1080 1097 1072 1102 1090 1089 1103 0046 0010 1053 1077 1090 0010 1063 1091 1074 1089 1090 1074 1072 0044 0032 1101
1084 1086 1094 1080 1080 0032 1076 1088 1091 1075 1080 1093 0032 1083 1102 1076 1077 1081 0032 1076 1077 1081 1089 1090 1074 1091 1102 1090 0032 1085
1072 0032 1084 1077 1085 1103 0032 1085 1077 1079 1085 1072 1095 1080 1090 1077 1083 1100 1085 1086 0046 0010 1053 1077 1090 0010 1059 1074 1077 1088
1077 1085 0044 0032 1095 1090 1086 0032 1076 1088 1091 1075 1080 1077 0032 1083 1102 1076 1080 0032 1095 1072 1089 1090 1086 0032 1085 1072 1089 1090
1088 1086 1077 1085 1099 0032 1087 1088 1086 1090 1080 1074 0032 1084 1077 1085 1103 0046 0010 1044 1072 0010 1071 0032 1086 1095 1077 1085 1100 0032
1086 1089 1090 1086 1088 1086 1078 1085 1099 1081 0032 1080 0032 1087 1088 1077 1076 1091 1089 1084 1086 1090 1088 1080 1090 1077 1083 1100 1085 1099
1081 0032 1095 1077 1083 1086 1074 1077 1082 0046 0010 1053 1077 1090 0010 1045 1089 1083 1080 0032 1082 1090 1086 0045 1090 1086 0032 1074 1086 1079
1088 1072 1078 1072 1077 1090 0032 1084 1085 1077 0032 1080 1083 1080 0032 1084 1077 1096 1072 1077 1090 0032 8211 0032 1103 0032 1073 1099 1089 1090
1088 1086 0032 1087 1086 1089 1090 1072 1074 1083 1102 0032 1077 1075 1086 0032 1085 1072 0032 1084 1077 1089 1090 1086 0046 0010 1053 1077 1090 0010
1071 0032 1074 1089 1077 1075 1076 1072 0032 1087 1086 1083 1091 1095 1072 1102 0032 1073 1086 1083 1100 1096 1086 1077 0032 1091 1076 1086 1074 1086
1083 1100 1089 1090 1074 1080 1077 0032 1086 1090 0032 1089 1074 1086 1080 1093 0032 1091 1089 1087 1077 1093 1086 1074 0046 0010 1044 1072 0010 1071
0032 1083 1102 1073 1083 1102 0032 1088 1072 1079 1085 1086 1086 1073 1088 1072 1079 1085 1099 1077 0032 1091 1076 1086 1074 1086 1083 1100 1089 1090
1074 1080 1103 0032 1080 0032 1088 1072 1079 1074 1083 1077 1095 1077 1085 1080 1103 0046 0010 1044 1072 0010 1054 1073 1099 1095 1085 1086 0032 1103
0032 1085 1077 0032 1086 1087 1072 1089 1072 1102 1089 1100 0032 1089 1080 1083 1100 1085 1099 1093 0032 1092 1080 1079 1080 1095 1077 1089 1082 1080
1093 0032 1080 0032 1087 1089 1080 1093 1080 1095 1077 1089 1082 1080 1093 0032 1085 1072 1075 1088 1091 1079 1086 1082 0046 0010 1053 1077 1090 0010
1071 0032 1085 1077 0032 1087 1088 1080 1076 1072 1102 0032 1073 1086 1083 1100 1096 1086 1075 1086 0032 1079 1085 1072 1095 1077 1085 1080 1103 0032
1074 1085 1077 1096 1085 1077 1081 0032 1087 1088 1080 1074 1083 1077 1082 1072 1090 1077 1083 1100 1085 1086 1089 1090 1080 0046 0010 1053 1077 1090
0010 1071 0032 1083 1077 1075 1082 1086 0032 1091 1089 1090 1072 1085 1072 1074 1083 1080 1074 1072 1102 0032 1090 1077 1089 1085 1099 1077 0032 1076
1088 1091 1078 1077 1089 1082 1080 1077 0032 1086 1090 1085 1086 1096 1077 1085 1080 1103 0032 1089 0032 1076 1088 1091 1075 1080 1084 1080 0032 1083
1102 1076 1100 1084 1080 0046 0010 1044 1072 0010 1052 1077 1085 1103 0032 1076 1086 1089 1090 1072 1090 1086 1095 1085 1086 0032 1083 1077 1075 1082
1086 0032 1087 1077 1088 1077 1091 1073 1077 1076 1080 1090 1100 0046 0010 1044 1072 0010 1055 1077 1088 1077 1084 1077 1085 1099 0032 1074 0032 1078
1080 1079 1085 1080 0032 1085 1077 0032 1074 1099 1079 1099 1074 1072 1102 1090 0032 1091 0032 1084 1077 1085 1103 0032 1073 1077 1089 1087 1086 1082
1086 1081 1089 1090 1074 1072 0046 0010 1053 1077 1090 0010 1052 1085 1077 0032 1078 1072 1083 1082 1086 0032 1089 1083 1072 1073 1099 1093 0032 1080
0032 1085 1077 1084 1086 1097 1085 1099 1093 0032 1083 1102 1076 1077 1081 0032 1080 0032 1090 1077 1093 0044 0032 1082 1086 1084 1091 0032 1085 1077
0032 1087 1086 1074 1077 1079 1083 1086 0032 1074 0032 1078 1080 1079 1085 1080 0046 0010 1044 1072 0010 1071 0032 1089 1091 1088 1086 1074 1086 0032
1086 1089 1091 1078 1076 1072 1102 0032 1089 1077 1073 1103 0032 1079 1072 0032 1089 1074 1086 1080 0032 1086 1096 1080 1073 1082 1080 0032 1080 0032
1085 1077 1076 1086 1089 1090 1072 1090 1082 1080 0046 0010 1044 1072 0010 1071 0032 1085 1077 0032 1083 1077 1075 1082 1086 0032 1089 1073 1083 1080
1078 1072 1102 1089 1100 0032 1089 0032 1083 1102 1076 1100 1084 1080 0046 0010 1053 1077 1090 0010 1071 0032 1085 1077 0032 1074 1087 1077 1095 1072
1090 1083 1080 1090 1077 1083 1100 1085 1099 1081 0032 1095 1077 1083 1086 1074 1077 1082 0046 0010 1053 1077 1090 0010 1071 0032 1085 1077 0032 1089
1082 1083 1086 1085 1077 1085 0032 1082 0032 1103 1088 1082 1086 1084 1091 0032 1080 0032 1087 1099 1083 1082 1086 1084 1091 0032 1074 1099 1088 1072
1078 1077 1085 1080 1102 0032 1089 1074 1086 1080 1093 0032 1101 1084 1086 1094 1080 1081 0046 0010 1053 1077 1090 0010 1052 1077 1085 1103 0032 1084
1072 1083 1086 0032 1080 1085 1090 1077 1088 1077 1089 1091 1102 1090 0032 1084 1080 1089 1090 1080 1095 1077 1089 1082 1080 1077 0032 1080 0032 1072
1085 1086 1084 1072 1083 1100 1085 1099 1077 0032 1103 1074 1083 1077 1085 1080 1103 0046 0010 1053 1077 1090 0010 1071 0032 1085 1077 0032 1090 1077
1088 1087 1083 1102 0032 1091 1097 1077 1084 1083 1077 1085 1080 1103 0032 1089 1074 1086 1080 1093 0032 1087 1088 1072 1074 0032 1080 0032 1074 1089
1077 1075 1076 1072 0032 1073 1086 1088 1102 1089 1100 0032 1079 1072 0032 1089 1087 1088 1072 1074 1077 1076 1083 1080 1074 1086 1089 1090 1100 0046
0010 1053 1077 1090 0010 1054 1082 1088 1091 1078 1072 1102 1097 1080 1077 0032 1083 1102 1076 1080 0032 1085 1077 0032 1074 1099 1079 1099 1074 1072
1102 1090 0032 1091 0032 1084 1077 1085 1103 0032 1089 1084 1091 1097 1077 1085 1080 1077 0032 1080 0032 1079 1072 1089 1090 1077 1085 1095 1080 1074
1086 1089 1090 1100 0046 0010 1044 1072 0010 1045 1089 1083 1080 0032 1084 1085 1077 0032 1087 1086 1085 1072 1076 1086 1073 1080 1090 1089 1103 0044
0032 1103 0032 1085 1072 1088 1091 1096 1091 0032 1080 0032 1087 1088 1072 1074 1080 1083 1072 0044 0032 1080 0032 1079 1072 1087 1088 1077 1090 1099
0046 0010 1044 1072 0010 1071 0032 1083 1077 1075 1082 1086 0032 1087 1088 1080 1085 1080 1084 1072 1102 0032 1087 1086 1084 1086 1097 1100 0032 1086
1090 0032 1076 1088 1091 1075 1080 1093 0032 1083 1102 1076 1077 1081 0046 0010 1044 1072 0010 1071 0032 1089 1082 1083 1086 1085 1077 1085 0032 1079
1072 1076 1091 1084 1099 1074 1072 1090 1100 1089 1103 0032 1085 1072 1076 0032 1087 1086 1089 1083 1077 1076 1089 1090 1074 1080 1103 1084 1080 0032
1089 1074 1086 1080 1093 0032 1087 1086 1089 1090 1091 1087 1082 1086 1074 0044 0032 1087 1088 1077 1078 1076 1077 0032 1095 1077 1084 0032 1080 1093
0032 1089 1086 1074 1077 1088 1096 1080 1090 1100 0046 0010 1053 1077 1090 0010 1053 1077 0032 1083 1102 1073 1083 1102 0032 1075 1088 1086 1084 1082
1080 1093 0032 1079 1074 1091 1082 1086 1074 0044 0032 1103 1088 1082 1086 1075 1086 0032 1089 1074 1077 1090 1072 0032 1080 0032 1076 1088 1091 1075
1080 1093 0032 1089 1080 1083 1100 1085 1099 1093 0032 1088 1072 1079 1076 1088 1072 1078 1080 1090 1077 1083 1077 1081 0046 0010 1053 1077 1090 0010
1042 0032 1089 1074 1086 1080 1093 0032 1088 1072 1089 1089 1082 1072 1079 1072 1093 0032 1103 0032 1088 1077 1076 1082 1086 0032 1087 1088 1077 1091
1074 1077 1083 1080 1095 1080 1074 1072 1102 0032 1080 0032 1087 1088 1080 1091 1082 1088 1072 1096 1080 1074 1072 1102 0032 1090 1086 0044 0032 1095
1090 1086 0032 1073 1099 1083 1086 0046 0010 1044 1072 0010 1052 1085 1077 0032 1085 1088 1072 1074 1080 1090 1089 1103 0032 1089 1086 1074 1077 1088
1096 1072 1090 1100 0032 1089 1090 1088 1072 1085 1085 1099 1077 0044 0032 1085 1077 1087 1086 1085 1103 1090 1085 1099 1077 0032 1076 1083 1103 0032
1076 1088 1091 1075 1080 1093 0032 1087 1086 1089 1090 1091 1087 1082 1080 0046 0010 1053 1077 1090 0010 1071 0032 1085 1077 0032 1087 1086 1085 1080
1084 1072 1102 0032 1083 1102 1076 1077 1081 0044 0032 1082 1086 1090 1086 1088 1099 1077 0032 1074 1077 1088 1103 1090 0044 0032 1095 1090 1086 0032
1095 1077 1083 1086 1074 1077 1082 0032 1084 1086 1078 1077 1090 0032 1073 1099 1090 1100 0032 1083 1080 1073 1086 0032 1093 1086 1088 1086 1096 1080
1084 0044 0032 1083 1080 1073 1086 0032 1087 1083 1086 1093 1080 1084 0046 0010 1044 1072 0010 1057 1074 1086 1080 0032 1076 1077 1083 1072 0032 1103
0032 1083 1102 1073 1083 1102 0032 1076 1077 1083 1072 1090 1100 0032 1072 1082 1082 1091 1088 1072 1090 1085 1086 0032 1080 0032 1090 1097 1072 1090
1077 1083 1100 1085 1086 0044 0032 1074 1085 1080 1082 1072 1103 0032 1074 0032 1089 1072 1084 1099 1077 0032 1084 1077 1083 1082 1080 1077 0032 1076
1077 1090 1072 1083 1080 0046 0010 1053 1077 1090 0010 1071 0032 1076 1086 1089 1090 1072 1090 1086 1095 1085 1086 0032 1089 1087 1086 1082 1086 1081
1085 1086 0032 1088 1077 1072 1075 1080 1088 1091 1102 0044 0032 1082 1086 1075 1076 1072 0032 1076 1088 1091 1075 1080 1077 0032 1083 1102 1076 1080
0032 1074 0032 1095 1077 1084 0045 1090 1086 0032 1087 1088 1077 1074 1086 1089 1093 1086 1076 1103 1090 0032 1084 1077 1085 1103 0046 0010 1053 1077
1090 0010 1044 1086 1074 1086 1083 1100 1085 1086 0032 1095 1072 1089 1090 1086 0032 1103 0032 1090 1077 1088 1103 1102 0032 1074 1077 1088 1091 0032
1074 0032 1089 1072 1084 1086 1075 1086 0032 1089 1077 1073 1103 0046 0010 1053 1077 1090 0010 1071 0032 1088 1077 1076 1082 1086 0032 1085 1077 0032
1074 1099 1087 1086 1083 1085 1103 1102 0032 1089 1074 1086 1080 0032 1086 1073 1077 1097 1072 1085 1080 1103 0046 0010 1044 1072 0010 1059 0032 1084
1077 1085 1103 0032 1088 1077 1076 1082 1086 0032 1073 1099 1074 1072 1102 1090 0032 1092 1080 1079 1080 1095 1077 1089 1082 1080 1077 0032 1085 1077
1076 1086 1084 1086 1075 1072 1085 1080 1103 0032 0040 1089 1077 1088 1076 1094 1077 1073 1080 1077 1085 1080 1077 0044 0032 1087 1086 1090 1083 1080
1074 1086 1089 1090 1100 0044 0032 1090 1086 1096 1085 1086 1090 1072 0032 1080 0032 1076 1088 1091 1075 1080 1077 0041 0046 0010 1053 1077 1090 0010
1071 0032 1103 1074 1083 1103 1102 1089 1100 0032 1074 1072 1078 1085 1086 1081 0032 1087 1077 1088 1089 1086 1085 1086 1081 0032 1089 0032 1074 1099
1089 1086 1082 1080 1084 1080 0032 1079 1072 1087 1088 1086 1089 1072 1084 1080 0046 0010 1053 1077 1090 0010 1071 0032 1076 1086 1074 1086 1083 1100
1085 1086 0032 1088 1072 1074 1085 1086 1076 1091 1096 1085 1086 0032 1086 1090 1085 1086 1096 1091 1089 1100 0032 1082 0032 1089 1077 1082 1089 1091
0046 0010 1044 1072 0010 1052 1085 1086 1075 1080 1077 0032 1089 0032 1074 1080 1076 1091 0032 1089 1083 1091 1095 1072 1081 1085 1099 1077 0032 1089
1086 1073 1099 1090 1080 1103 0032 1087 1088 1086 1080 1089 1093 1086 1076 1103 1090 0032 1074 0032 1088 1077 1079 1091 1083 1100 1090 1072 1090 1077
0032 1079 1083 1086 1075 1086 0032 1091 1084 1099 1089 1083 1072 0046 0010 1044 1072 0010 1071 0032 1089 1090 1088 1077 1084 1083 1102 1089 1100 0032
1074 1089 1077 0032 1076 1077 1083 1072 1090 1100 0032 1082 1072 1082 0032 1084 1086 1078 1085 1086 0032 1083 1091 1095 1096 1077 0044 0032 1080 0032
1080 1079 0045 1079 1072 0032 1101 1090 1086 1075 1086 0032 1074 1086 1079 1085 1080 1082 1072 1102 1090 0032 1079 1072 1090 1103 1078 1082 1080 0046
0010 1053 1077 1090 0010 1071 0032 1087 1088 1077 1079 1080 1088 1072 1102 0032 1090 1077 1093 0044 0032 1082 1090 1086 0032 1085 1077 0032 1091 1084
1077 1077 1090 0032 1073 1086 1088 1086 1090 1100 1089 1103 0032 1079 1072 0032 1089 1074 1086 1080 0032 1080 1085 1090 1077 1088 1077 1089 1099 0046
0010 1053 1077 1090 0010 1044 1091 1084 1072 1103 0032 1086 0032 1073 1091 1076 1091 1097 1077 1084 0044 0032 1103 0032 1088 1077 1076 1082 1086 0032
1087 1088 1077 1076 1089 1090 1072 1074 1083 1103 1102 0032 1093 1091 1076 1096 1080 1077 0032 1074 1072 1088 1080 1072 1085 1090 1099 0032 1088 1072
1079 1074 1080 1090 1080 1103 0032 1089 1086 1073 1099 1090 1080 1081 0046 0010 1044 1072 0010 1071 0032 1087 1088 1077 1076 1087 1086 1095 1080 1090
1072 1102 0032 1087 1088 1077 1076 1089 1090 1072 1074 1083 1103 1090 1100 0032 1073 1091 1076 1091 1097 1077 1077 0032 1074 0032 1088 1086 1079 1086
1074 1086 1084 0032 1094 1074 1077 1090 1077 0046 0010 1044 1072 0010 1071 0032 1074 1085 1080 1084 1072 1090 1077 1083 1100 1085 1086 0032 1089 1083
1077 1078 1091 0032 1079 1072 0032 1089 1086 1089 1090 1086 1103 1085 1080 1077 1084 0032 1089 1074 1086 1077 1075 1086 0032 1079 1076 1086 1088 1086
1074 1100 1103 0046 0010 1044 1072 0010 1071 0032 1095 1091 1074 1089 1090 1074 1091 1102 0032 1089 1077 1073 1103 0032 1085 1077 0032 1091 1102 1090
1085 1086 0044 0032 1077 1089 1083 1080 0032 1074 1089 1077 0032 1074 1085 1080 1084 1072 1085 1080 1077 0032 1086 1082 1088 1091 1078 1072 1102 1097
1080 1093 0032 1086 1073 1088 1072 1097 1077 1085 1086 0032 1085 1072 0032 1084 1077 1085 1103 0046 0010 1044 1072 0010 1052 1085 1077 0032 1085 1077
0032 1085 1088 1072 1074 1103 1090 1089 1103 0032 1087 1088 1086 1092 1077 1089 1089 1080 1080 0044 0032 1075 1076 1077 0032 1085 1091 1078 1085 1086
0032 1088 1072 1073 1086 1090 1072 1090 1100 0032 1074 0032 1086 1076 1080 1085 1086 1095 1082 1091 0046 0010 1053 1077 1090 0010 1059 0032 1084 1077
1085 1103 0032 1077 1089 1090 1100 0032 1086 1089 1085 1086 1074 1072 1085 1080 1103 0032 1074 1089 1077 1075 1076 1072 0032 1073 1099 1090 1100 0032
1085 1072 1089 1090 1086 1088 1086 1078 1077 0046 0010 1044 1072 0010 1052 1085 1077 0032 1085 1077 0032 1085 1088 1072 1074 1080 1090 1089 1103 0032
1083 1102 1076 1080 0044 0032 1082 1086 1090 1086 1088 1099 1077 0032 1090 1086 1095 1085 1086 0032 1089 1086 1073 1083 1102 1076 1072 1102 1090 0032
1087 1088 1072 1074 1080 1083 1072 0046 0010 1044 1072 0010 1059 0032 1084 1077 1085 1103 0032 1085 1080 1082 1086 1075 1076 1072 0032 1085 1077 0032
1073 1099 1074 1072 1077 1090 0032 1087 1088 1086 1073 1083 1077 1084 0032 1089 0032 1076 1080 1089 1094 1080 1087 1083 1080 1085 1086 1081 0046 0010
1053 1077 1090 0010 1063 1072 1089 1090 1086 0032 1103 0032 1074 1099 1073 1080 1088 1072 1102 0032 1083 1102 1076 1077 1081 0032 1080 1083 1080 0032
1089 1080 1090 1091 1072 1094 1080 1080 0044 0032 1082 1086 1090 1086 1088 1099 1077 0032 1087 1088 1080 1074 1077 1076 1091 1090 0032 1084 1077 1085
1103 0032 1082 0032 1088 1072 1079 1086 1095 1072 1088 1086 1074 1072 1085 1080 1102 0046 0010 1053 1077 1090 0010 1071 0032 1085 1080 1082 1086 1075
1076 1072 0032 1085 1077 0032 1089 1086 1074 1077 1088 1096 1072 1102 0032 1087 1086 1089 1090 1091 1087 1082 1080 0032 1087 1086 1076 0032 1074 1083
1080 1103 1085 1080 1077 1084 0032 1084 1080 1085 1091 1090 1085 1086 1075 1086 0032 1085 1072 1089 1090 1088 1086 1077 1085 1080 1103 0046 0010 1044
1072 0010 1042 0032 1085 1077 1079 1085 1072 1082 1086 1084 1086 1081 0032 1086 1073 1089 1090 1072 1085 1086 1074 1082 1077 0032 1103 0032 1084 1086
1075 1091 0032 1088 1072 1089 1090 1077 1088 1103 1090 1100 1089 1103 0046 0010 1044 1072 0010 1071 0032 1091 1084 1077 1102 0032 1093 1080 1090 1088
1080 1090 1100 0032 1088 1072 1076 1080 0032 1076 1086 1089 1090 1080 1078 1077 1085 1080 1103 0032 1089 1074 1086 1080 1093 0032 1094 1077 1083 1077
1081 0046 0010 1053 1077 1090 0010 1071 0032 1087 1088 1077 1076 1087 1086 1095 1080 1090 1072 1102 0032 1086 1090 1074 1083 1077 1095 1077 1085 1085
1099 1077 0032 1079 1072 1085 1103 1090 1080 1103 0044 0032 1075 1076 1077 0032 1085 1091 1078 1085 1086 0032 1084 1099 1089 1083 1080 1090 1100 0044
0032 1072 0032 1085 1077 0032 1076 1077 1081 1089 1090 1074 1086 1074 1072 1090 1100 0046 0010 1044 1072 0010 1052 1085 1077 0032 1090 1088 1091 1076
1085 1086 0032 1087 1088 1086 1097 1072 1090 1100 0032 1083 1102 1076 1077 1081 0044 0032 1086 1073 1080 1076 1077 1074 1096 1080 1093 0044 0032 1086
1089 1082 1086 1088 1073 1080 1074 1096 1080 1093 0032 1084 1077 1085 1103 0032 1080 1083 1080 0032 1087 1088 1080 1095 1080 1085 1080 1074 1096 1080
1093 0032 1076 1088 1091 1075 1086 1081 0032 1091 1097 1077 1088 1073 0046 0010 1053 1077 1090 0010 1071 0032 1073 1099 1089 1090 1088 1086 0032 1091
1089 1090 1072 1102 0032 1086 1090 0032 1076 1083 1080 1090 1077 1083 1100 1085 1086 1081 0032 1084 1086 1085 1086 1090 1086 1085 1085 1086 1081 0032
1088 1072 1073 1086 1090 1099 0046 0010 1053 1077 1090 0010 1071 0032 1088 1077 1076 1082 1086 0032 1080 1089 1087 1099 1090 1099 1074 1072 1102 0032
1088 1072 1079 1076 1088 1072 1078 1077 1085 1080 1077 0032 1080 0032 1085 1077 1076 1086 1074 1086 1083 1100 1089 1090 1074 1086 0046 0010 1044 1072
0010 1071 0032 1085 1080 1082 1086 1075 1076 1072 0032 1085 1077 0032 1086 1090 1082 1072 1078 1091 1089 1100 0032 1086 1090 0032 1074 1086 1079 1084
1086 1078 1085 1086 1089 1090 1080 0032 1087 1086 1083 1091 1095 1080 1090 1100 0032 1091 1076 1086 1074 1086 1083 1100 1089 1090 1074 1080 1077 0046
0010 1044 1072 0010 1071 0032 1087 1088 1077 1076 1087 1086 1095 1080 1090 1072 1102 0032 1085 1077 0032 1080 1079 1073 1077 1075 1072 1090 1100 0032
1090 1088 1091 1076 1085 1086 1089 1090 1077 1081 0046 0010 1053 1077 1090 0010 1052 1086 1080 0032 1092 1080 1079 1080 1095 1077 1089 1082 1080 1077
0032 1085 1077 1076 1086 1089 1090 1072 1090 1082 1080 0032 1074 1077 1089 1100 1084 1072 0032 1086 1075 1086 1088 1095 1072 1102 1090 0032 1084 1077
1085 1103 0046 0010 1053 1077 1090 0010 1050 1086 1075 1076 1072 0032 1085 1077 1086 1073 1093 1086 1076 1080 1084 1086 0044 0032 1103 0032 1091 1084
1077 1102 0032 1087 1088 1086 1080 1079 1074 1077 1089 1090 1080 0032 1093 1086 1088 1086 1096 1077 1077 0032 1074 1087 1077 1095 1072 1090 1083 1077
1085 1080 1077 0032 1085 1072 0032 1083 1102 1076 1077 1081 0046 0010 1053 1077 1090 0010 1052 1086 1080 0032 1091 1089 1090 1086 1081 1095 1080 1074
1099 1077 0032 1089 1091 1077 1074 1077 1088 1080 1103 0032 1087 1086 1084 1086 1075 1072 1102 1090 0032 1084 1085 1077 0032 1078 1080 1090 1100 0046
0010 1044 1072 0010 1071 0032 1085 1077 0032 1089 1095 1080 1090 1072 1102 0044 0032 1095 1090 1086 0032 1088 1077 1074 1085 1086 1089 1090 1100 0032
8211 0032 1087 1086 1083 1077 1079 1085 1086 1077 0032 1082 1072 1095 1077 1089 1090 1074 1086 0046 0010 1053 1077 1090 0010 1053 1072 0032 1083 1102
1076 1103 1093 0032 1103 0032 1080 1079 1083 1080 1096 1085 1077 0032 1082 1086 1085 1090 1088 1086 1083 1080 1088 1091 1102 0032 1089 1077 1073 1103
0032 1080 0032 1076 1077 1088 1078 1091 1089 1100 0032 1076 1086 1074 1086 1083 1100 1085 1086 0032 1089 1082 1086 1074 1072 1085 1085 1086 0046 0010
1044 1072 0010 1071 0032 1087 1086 1095 1090 1080 0032 1074 1089 1077 1075 1076 1072 0032 1095 1091 1074 1089 1090 1074 1091 1102 0032 1089 1077 1073
1103 0032 1087 1088 1072 1074 1099 1084 0046 0010 1053 1077 1090 0010 1071 0032 1089 1087 1086 1089 1086 1073 1077 1085 0032 1084 1085 1086 1075 1080
1084 0032 1087 1086 1078 1077 1088 1090 1074 1086 1074 1072 1090 1100 0032 1088 1072 1076 1080 0032 1076 1088 1091 1075 1080 1093 0032 1083 1102 1076
1077 1081 0046 0010 1053 1077 1090 0010 1071 0032 1083 1077 1075 1082 1086 0032 1084 1077 1085 1103 1102 0032 1089 1074 1086 1080 0032 1088 1077 1096
1077 1085 1080 1103 0032 1080 0032 1085 1077 0032 1074 1089 1077 1075 1076 1072 0032 1080 1093 0032 1087 1088 1080 1076 1077 1088 1078 1080 1074 1072
1102 1089 1100 0046 0010 1044 1072 0010 1071 0032 1085 1077 0032 1073 1086 1102 1089 1100 0032 1092 1080 1079 1080 1095 1077 1089 1082 1086 1081 0032
1073 1086 1083 1080 0046 0010 1053 1077 1090 0010 1071 0032 1083 1102 1073 1083 1102 0044 0032 1082 1086 1075 1076 1072 0032 1084 1085 1077 0032 1087
1088 1080 1089 1083 1091 1078 1080 1074 1072 1102 1090 0046 0010 1053 1077 1090 0010 1071 0032 1076 1086 1074 1086 1083 1100 1085 1086 0032 1095 1091
1074 1089 1090 1074 1080 1090 1077 1083 1077 1085 0032 1082 0032 1087 1086 1093 1074 1072 1083 1077 0032 1080 1083 1080 0032 1082 1088 1080 1090 1080
1082 1077 0032 1086 1082 1088 1091 1078 1072 1102 1097 1080 1093 0046 0010 1044 1072 0010 1052 1086 1080 0032 1091 1074 1083 1077 1095 1077 1085 1080
1103 0032 1085 1080 1082 1086 1075 1076 1072 0032 1085 1077 0032 1076 1086 1089 1090 1080 1075 1072 1083 1080 0032 1089 1090 1077 1087 1077 1085 1080
0032 1092 1072 1085 1072 1090 1080 1079 1084 1072 0046 0010 1053 1077 1090 0010 1071 0032 1074 1089 1077 1075 1076 1072 0032 1080 1089 1087 1099 1090
1099 1074 1072 1102 0032 1086 1087 1088 1077 1076 1077 1083 1077 1085 1085 1099 1077 0032 1086 1087 1072 1089 1077 1085 1080 1103 0046 0010 1044 1072
0010 1071 0032 1085 1077 0032 1083 1102 1073 1083 1102 0032 1082 1086 1084 1072 1085 1076 1086 1074 1072 1090 1100 0032 1080 0032 1084 1085 1077 0032
1083 1077 1075 1095 1077 0032 1087 1086 1076 1095 1080 1085 1103 1090 1100 1089 1103 0046 0010 1053 1077 1090 0010 1050 1086 1075 1076 1072 0032 1084
1077 1085 1103 0032 1086 1090 1074 1077 1088 1075 1072 1102 1090 0044 0032 1103 0032 1095 1091 1074 1089 1090 1074 1091 1102 0044 0032 1095 1090 1086
0032 1079 1072 1089 1083 1091 1078 1080 1083 0032 1101 1090 1086 0046 0010 1053 1077 1090 0010 1071 0032 1085 1077 0032 1083 1102 1073 1083 1102 0032
1089 1090 1088 1086 1075 1086 1081 0032 1076 1080 1089 1094 1080 1087 1083 1080 1085 1099 0032 1080 0032 1085 1091 1076 1085 1086 1081 0044 0032 1086
1076 1085 1086 1086 1073 1088 1072 1079 1085 1086 1081 0032 1088 1072 1073 1086 1090 1099 0046 0010 1053 1077 1090 0010 1071 0032 1095 1091 1074 1089
1090 1074 1091 1102 0032 1089 1077 1073 1103 0032 1093 1086 1088 1086 1096 1086 0032 1090 1086 1083 1100 1082 1086 0032 1074 0032 1073 1077 1079 1086
1087 1072 1089 1085 1086 1081 0032 1082 1086 1084 1092 1086 1088 1090 1085 1086 1081 0032 1086 1073 1089 1090 1072 1085 1086 1074 1082 1077 0046 0010
1044 1072 0010 1048 1079 0032 1084 1077 1085 1103 0032 1085 1077 0032 1087 1086 1083 1091 1095 1080 1083 1089 1103 0032 1073 1099 0032 1093 1086 1088
1086 1096 1080 1081 0032 1072 1082 1090 1077 1088 0046 0010 1053 1077 1090 0010 1071 0032 1085 1077 0032 1089 1084 1086 1075 0032 1086 1087 1088 1072
1074 1076 1072 1090 1100 0032 1086 1078 1080 1076 1072 1085 1080 1081 0032 1084 1086 1080 1093 0032 1088 1086 1076 1080 1090 1077 1083 1077 1081 0046
0010 1057 1082 1086 1088 1077 1077 0032 1089 1086 1075 1083 1072 1089 1077 1085 0010 1059 0032 1084 1077 1085 1103 0032 1095 1072 1089 1090 1086 0032
1073 1099 1074 1072 1102 1090 0032 1090 1072 1082 1080 1077 0032 1076 1085 1080 0044 0032 1082 1086 1075 1076 1072 0032 1074 1089 1077 0032 1083 1102
1076 1080 0032 1082 1072 1078 1091 1090 1089 1103 0032 1084 1085 1077 0032 1090 1091 1087 1099 1084 1080 0032 1080 1083 1080 0032 1087 1086 1088 1086
1095 1085 1099 1084 1080 0046 0010 1040 1073 1089 1086 1083 1102 1090 1085 1086 0032 1085 1077 0032 1089 1086 1075 1083 1072 1089 1077 1085 0010 1071
0032 1089 1077 1073 1103 0032 1087 1088 1077 1079 1080 1088 1072 1102 0010 1055 1086 1083 1085 1086 1089 1090 1100 1102 0032 1089 1086 1075 1083 1072
1089 1077 1085 0010 1063 1077 1083 1086 1074 1077 1082 0032 1089 1082 1083 1086 1085 1077 1085 0032 1088 1072 1076 1086 1074 1072 1090 1100 1089 1103
0032 1085 1077 0032 1095 1091 1078 1086 1084 1091 0032 1089 1095 1072 1089 1090 1100 1102 0044 0032 1072 0032 1095 1091 1078 1086 1084 1091 0032 1075
1086 1088 1102 0010 1055 1086 1083 1085 1086 1089 1090 1100 1102 0032 1089 1086 1075 1083 1072 1089 1077 1085 0010 1071 0032 1073 1086 1102 1089 1100
0032 1090 1086 1083 1087 1099 0032 1080 0032 1085 1077 0032 1095 1091 1074 1089 1090 1074 1091 1102 0032 1089 1074 1086 1077 1075 1086 0032 1077 1076
1080 1085 1077 1085 1080 1103 0032 1089 0032 1095 1091 1078 1080 1084 1080 0032 1083 1102 1076 1100 1084 1080 0010 1057 1082 1086 1088 1077 1077 0032
1089 1086 1075 1083 1072 1089 1077 1085 0010 1042 1089 1077 0032 1089 1090 1072 1088 1080 1082 1080 0032 1086 1076 1080 1085 1086 1082 1080 0032 1080
0032 1085 1080 1082 1086 1084 1091 0032 1085 1077 0032 1085 1091 1078 1085 1099 0010 1047 1072 1090 1088 1091 1076 1085 1103 1102 1089 1100 0032 1086
1090 1074 1077 1090 1080 1090 1100 0010 1071 0032 1085 1080 1082 1086 1075 1076 1072 0032 1085 1077 0032 1074 1077 1088 1080 1083 0032 1074 0032 1089
1077 1073 1103 0010 1057 1082 1086 1088 1077 1077 0032 1089 1086 1075 1083 1072 1089 1077 1085 0010 1071 0032 1087 1086 1089 1090 1086 1103 1085 1085
1086 0032 1086 1097 1091 1097 1072 1102 0032 1095 1091 1074 1089 1090 1074 1086 0032 1074 1080 1085 1099 0032 1079 1072 0032 1074 1089 1077 0032 1087
1088 1086 1080 1089 1093 1086 1076 1103 1097 1077 1077 0032 1089 1086 0032 1084 1085 1086 1081 0032 1080 0032 1089 0032 1084 1086 1080 1084 1080 0032
1073 1083 1080 1079 1082 1080 1084 1080 0010 1057 1082 1086 1088 1077 1077 0032 1089 1086 1075 1083 1072 1089 1077 1085 0010 1053 1077 1089 1084 1086
1090 1088 1103 0032 1085 1072 0032 1073 1086 1083 1100 1096 1086 1077 0032 1082 1086 1083 1080 1095 1077 1089 1090 1074 1086 0032 1079 1085 1072 1082
1086 1084 1099 1093 0032 1080 0032 1076 1088 1091 1079 1077 1081 0044 0032 1103 0032 1095 1091 1074 1089 1090 1074 1091 1102 0032 1089 1077 1073 1103
0032 1086 1076 1080 1085 1086 1082 1080 1084 0010 1055 1086 1083 1085 1086 1089 1090 1100 1102 0032 1089 1086 1075 1083 1072 1089 1077 1085 0010 1071
0032 1089 1095 1080 1090 1072 1102 0044 0032 1095 1090 1086 0032 1084 1086 1103 0032 1083 1080 1095 1085 1072 1103 0032 1078 1080 1079 1085 1100 0032
1089 1083 1086 1078 1080 1083 1072 1089 1100 0032 1085 1077 0032 1086 1095 1077 1085 1100 0032 1089 1095 1072 1089 1090 1083 1080 1074 1086 0010 1047
1072 1090 1088 1091 1076 1085 1103 1102 1089 1100 0032 1086 1090 1074 1077 1090 1080 1090 1100 0010 1053 1077 1085 1072 1074 1080 1078 1091 0032 1072
1083 1100 1090 1088 1091 1080 1089 1090 1086 1074 0058 0032 1095 1077 1083 1086 1074 1077 1082 0032 1089 1083 1080 1096 1082 1086 1084 0032 1085 1080
1095 1090 1086 1078 1077 1085 0032 1076 1072 1078 1077 0032 1076 1083 1103 0032 1090 1086 1075 1086 0044 0032 1095 1090 1086 1073 1099 0032 1087 1086
1084 1086 1095 1100 0032 1089 1072 1084 1086 1084 1091 0032 1089 1077 1073 1077 0044 0032 1085 1077 0032 1075 1086 1074 1086 1088 1103 0032 1091 1078
1077 0032 1086 0032 1076 1088 1091 1075 1080 1093 0010 1057 1082 1086 1088 1077 1077 0032 1089 1086 1075 1083 1072 1089 1077 1085 0010 1052 1085 1077
0032 1085 1077 0032 1085 1072 0032 1082 1086 1075 1086 0032 1086 1087 1077 1088 1077 1090 1100 1089 1103 0032 1074 0032 1101 1090 1086 1081 0032 1078
1080 1079 1085 1080 0010 1057 1082 1086 1088 1077 1077 0032 1089 1086 1075 1083 1072 1089 1077 1085 0010 1071 0032 1089 1072 1084 0032 1074 1080 1085
1086 1074 1072 1090 0032 1074 0032 1090 1086 1084 0044 0032 1095 1090 1086 0032 1084 1086 1103 0032 1078 1080 1079 1085 1100 0032 1085 1077 0032 1091
1076 1072 1083 1072 1089 1100 0010 1047 1072 1090 1088 1091 1076 1085 1103 1102 1089 1100 0032 1086 1090 1074 1077 1090 1080 1090 1100 0010 1071 0032
1074 1089 1077 0032 1074 1088 1077 1084 1103 0032 1080 1097 1091 0032 1089 1087 1086 1089 1086 1073 0044 0032 1082 1086 1090 1086 1088 1099 1081 0032
1087 1086 1084 1086 1078 1077 1090 0032 1084 1085 1077 0032 1079 1072 1073 1099 1090 1100 1089 1103 0032 1080 0032 1087 1077 1088 1077 1089 1090 1072
1090 1100 0032 1076 1091 1084 1072 1090 1100 0032 1086 0032 1090 1086 1084 0044 0032 1095 1090 1086 0032 1103 0032 1089 1076 1077 1083 1072 1083 0032
1089 1086 0032 1089 1074 1086 1077 1081 0032 1078 1080 1079 1085 1100 1102 0010 1057 1082 1086 1088 1077 1077 0032 1085 1077 0032 1089 1086 1075 1083
1072 1089 1077 1085 0010 1071 0032 1095 1091 1074 1089 1090 1074 1091 1102 0032 1089 1077 1073 1103 0032 1089 1077 1082 1089 1091 1072 1083 1100 1085
1086 0032 1085 1077 1087 1088 1080 1074 1083 1077 1082 1072 1090 1077 1083 1100 1085 1099 1084 0010 1047 1072 1090 1088 1091 1076 1085 1103 1102 1089
1100 0032 1086 1090 1074 1077 1090 1080 1090 1100 0010 1071 0032 1095 1091 1074 1089 1090 1074 1091 1102 0044 0032 1082 1072 1082 0032 1078 1080 1079
1085 1100 0032 1091 1093 1086 1076 1080 1090 0032 1080 1079 0032 1084 1077 1085 1103 0032 1087 1086 0032 1082 1072 1087 1083 1077 0010 1040 1073 1089
1086 1083 1102 1090 1085 1086 0032 1085 1077 0032 1089 1086 1075 1083 1072 1089 1077 1085 0010 1071 0032 1095 1091 1074 1089 1090 1074 1091 1102 0032
1089 1077 1073 1103 0032 1083 1080 1096 1085 1080 1084 0032 1095 1077 1083 1086 1074 1077 1082 1086 1084 0032 1074 0032 1089 1074 1086 1077 1081 0032
1089 1077 1084 1100 1077 0010 1057 1082 1086 1088 1077 1077 0032 1085 1077 0032 1089 1086 1075 1083 1072 1089 1077 1085 0010 1045 1076 1080 1085 1089
1090 1074 1077 1085 1085 1072 1103 0032 1074 1086 1079 1084 1086 1078 1085 1086 1089 1090 1100 0032 1076 1086 1089 1090 1086 1081 1085 1086 0032 1087
1088 1086 1081 1090 1080 0032 1089 1074 1086 1081 0032 1078 1080 1079 1085 1077 1085 1085 1099 1081 0032 1087 1091 1090 1100 0032 8212 0032 1085 1080
0032 1074 0032 1082 1086 1084 0032 1085 1077 0032 1085 1091 1078 1076 1072 1090 1100 1089 1103 0032 1080 0032 1085 1077 0032 1088 1072 1089 1089 1095
1080 1090 1099 1074 1072 1090 1100 0032 1085 1072 0032 1095 1100 1102 0045 1083 1080 1073 1086 0032 1087 1086 1084 1086 1097 1100 0032 1080 0032 1087
1086 1076 1076 1077 1088 1078 1082 1091 0010 1057 1082 1086 1088 1077 1077 0032 1085 1077 0032 1089 1086 1075 1083 1072 1089 1077 1085 0010 1071 0032
1085 1077 0032 1076 1086 1074 1086 1083 1077 1085 0032 1090 1077 1084 0044 0032 1082 1072 1082 0032 1089 1083 1086 1078 1080 1083 1072 1089 1100 0032
1084 1086 1103 0032 1078 1080 1079 1085 1100 0010 1040 1073 1089 1086 1083 1102 1090 1085 1086 0032 1085 1077 0032 1089 1086 1075 1083 1072 1089 1077
1085 0010 1055 1086 1090 1077 1088 1080 0032 1085 1077 1074 1086 1089 1087 1086 1083 1085 1080 1084 1099 0044 0032 1080 0032 1077 1089 1083 1080 0032
1091 1081 1076 1091 1090 0032 1080 1079 0032 1084 1086 1077 1081 0032 1078 1080 1079 1085 1080 0032 1073 1083 1080 1079 1082 1080 1077 0032 1083 1102
1076 1080 0044 0032 1103 0032 1086 1089 1090 1072 1085 1091 1089 1100 0032 1089 1086 1074 1077 1088 1096 1077 1085 1085 1086 0032 1086 1076 1080 1085
0010 1055 1086 1083 1085 1086 1089 1090 1100 1102 0032 1089 1086 1075 1083 1072 1089 1077 1085 0010 1057 1077 1084 1100 1103 0032 8212 0032 1101 1090
1086 0032 1088 1072 1073 1089 1090 1074 1086 0044 0032 1086 1076 1080 1085 1086 1095 1077 1089 1090 1074 1086 0032 8212 0032 1101 1090 1086 0032 1089
1074 1086 1073 1086 1076 1072 0010 1057 1082 1086 1088 1077 1077 0032 1089 1086 1075 1083 1072 1089 1077 1085 0010 1071 0032 1095 1091 1074 1089 1090
1074 1091 1102 0032 1089 1077 1073 1103 0032 1087 1077 1089 1095 1080 1085 1082 1086 1081 0044 0032 1079 1072 1090 1077 1088 1103 1085 1085 1086 1081
0032 1074 0032 1084 1080 1088 1086 1074 1086 1084 0032 1086 1082 1077 1072 1085 1077 0010 1057 1082 1086 1088 1077 1077 0032 1089 1086 1075 1083 1072
1089 1077 1085 0010 1052 1086 1103 0032 1078 1080 1079 1085 1100 0032 1089 1086 1074 1077 1088 1096 1077 1085 1085 1086 0032 1073 1077 1089 1094 1077
1083 1100 1085 1072 0010 1057 1082 1086 1088 1077 1077 0032 1085 1077 0032 1089 1086 1075 1083 1072 1089 1077 1085 0010 1042 1089 1103 0032 1084 1086
1103 0032 1078 1080 1079 1085 1100 0032 8212 0032 1094 1077 1087 1100 0032 1088 1072 1079 1086 1095 1072 1088 1086 1074 1072 1085 1080 1081 0032 1080
0032 1091 1090 1088 1072 1090 0010 1057 1082 1086 1088 1077 1077 0032 1085 1077 0032 1089 1086 1075 1083 1072 1089 1077 1085 0010 1045 1089 1083 1080
0032 1073 1099 0032 1086 1082 1088 1091 1078 1072 1102 1097 1080 1077 0032 1084 1086 1075 1083 1080 0032 1087 1088 1086 1095 1080 1090 1072 1090 1100
0032 1084 1086 1080 0032 1084 1099 1089 1083 1080 0044 0032 1086 1085 1080 0032 1087 1088 1080 1089 1090 1088 1077 1083 1080 1083 1080 0032 1073 1099
0032 1084 1077 1085 1103 0032 1082 1072 1082 0032 1073 1077 1096 1077 1085 1091 1102 0032 1089 1086 1073 1072 1082 1091 0010 1057 1082 1086 1088 1077
1077 0032 1085 1077 0032 1089 1086 1075 1083 1072 1089 1077 1085 0010 1046 1080 1079 1085 1100 0032 1086 1073 1076 1077 1083 1080 1083 1072 0032 1084
1077 1085 1103 0032 1075 1086 1088 1072 1079 1076 1086 0032 1073 1086 1083 1100 1096 1077 0044 0032 1095 1077 1084 0032 1076 1088 1091 1075 1080 1093
0010 1057 1082 1086 1088 1077 1077 0032 1085 1077 0032 1089 1086 1075 1083 1072 1089 1077 1085 0010 1052 1086 1080 0032 1079 1085 1072 1082 1086 1084
1099 1077 0032 1084 1077 1085 1103 0032 1085 1077 1076 1086 1086 1094 1077 1085 1080 1074 1072 1102 1090 0010 1057 1082 1086 1088 1077 1077 0032 1089
1086 1075 1083 1072 1089 1077 1085 0010 1071 0032 1074 1089 1077 1075 1076 1072 0032 1073 1099 1083 0032 1080 0032 1073 1091 1076 1091 0032 1085 1077
1091 1076 1072 1095 1085 1080 1082 1086 1084 0010 1047 1072 1090 1088 1091 1076 1085 1103 1102 1089 1100 0032 1086 1090 1074 1077 1090 1080 1090 1100
0010 1045 1089 1083 1080 0032 1103 0032 1091 1077 1076 1091 0032 1080 1079 0032 1088 1086 1076 1085 1086 1075 1086 0032 1075 1086 1088 1086 1076 1072
0044 0032 1084 1077 1085 1103 0032 1085 1080 1082 1090 1086 0032 1085 1077 0032 1073 1091 1076 1077 1090 0032 1074 1089 1087 1086 1084 1080 1085 1072
1090 1100 0032 1089 0032 1090 1077 1087 1083 1099 1084 1080 0032 1095 1091 1074 1089 1090 1074 1072 1084 1080 0010 1057 1082 1086 1088 1077 1077 0032
1085 1077 0032 1089 1086 1075 1083 1072 1089 1077 1085 0010 1071 0032 1085 1077 0032 1093 1086 1090 1077 1083 0032 1073 1099 0032 1076 1091 1084 1072
1090 1100 0044 0032 1095 1090 1086 0032 1087 1086 1089 1083 1077 0032 1089 1084 1077 1088 1090 1080 0032 1085 1072 1096 1080 0032 1087 1086 1089 1090
1091 1087 1082 1080 0032 1073 1091 1076 1091 1090 0032 1089 1091 1076 1080 1090 1100 0044 0032 1087 1086 1089 1082 1086 1083 1100 1082 1091 0032 1101
1090 1086 0032 1085 1077 0032 1087 1088 1080 1085 1077 1089 1077 1090 0032 1084 1085 1077 0032 1085 1080 1095 1077 1075 1086 0032 1093 1086 1088 1086
1096 1077 1075 1086 0010 1057 1082 1086 1088 1077 1077 0032 1085 1077 0032 1089 1086 1075 1083 1072 1089 1077 1085 0010 1058 1072 1082 1080 1084 0044
0032 1082 1072 1082 0032 1103 0044 0032 1085 1077 1095 1077 1075 1086 0032 1085 1072 1076 1077 1103 1090 1100 1089 1103 0032 1087 1088 1077 1091 1089
1087 1077 1090 1100 0032 1074 0032 1078 1080 1079 1085 1080 0010 1057 1082 1086 1088 1077 1077 0032 1089 1086 1075 1083 1072 1089 1077 1085 0010 1054
1073 1080 1076 1085 1086 0044 0032 1095 1090 1086 0044 0032 1085 1072 1076 1077 1083 1080 1074 0032 1090 1072 1082 1080 1093 0044 0032 1082 1072 1082
0032 1103 0044 0032 1088 1072 1079 1091 1084 1086 1084 0044 0032 1041 1086 1075 0032 1079 1072 1073 1099 1083 0032 1085 1072 1076 1077 1083 1080 1090
1100 0032 1085 1072 1089 0032 1074 1086 1083 1077 1081 0010 1047 1072 1090 1088 1091 1076 1085 1103 1102 1089 1100 0032 1086 1090 1074 1077 1090 1080
1090 1100 0010 1052 1085 1077 0032 1090 1103 1078 1077 1083 1086 0032 1086 1073 1097 1072 1090 1100 1089 1103 0032 1076 1072 1078 1077 0032 1089 0032
1089 1072 1084 1099 1084 1080 0032 1073 1083 1080 1079 1082 1080 1084 1080 0032 1083 1102 1076 1100 1084 1080 0010 1047 1072 1090 1088 1091 1076 1085
1103 1102 1089 1100 0032 1086 1090 1074 1077 1090 1080 1090 1100 0010 1052 1085 1086 1075 1080 1077 0032 1083 1102 1076 1080 0044 0032 1085 1077 0032
1087 1088 1077 1074 1086 1089 1093 1086 1076 1103 1097 1080 1077 0032 1084 1077 1085 1103 0032 1085 1080 0032 1091 1084 1086 1084 0044 0032 1085 1080
0032 1090 1072 1083 1072 1085 1090 1086 1084 0044 0032 1080 1084 1077 1102 1090 0032 1075 1086 1088 1072 1079 1076 1086 0032 1073 1086 1083 1100 1096
1077 0032 1087 1086 0032 1087 1088 1080 1093 1086 1090 1080 0032 1092 1086 1088 1090 1091 1085 1099 0010 1057 1082 1086 1088 1077 1077 0032 1089 1086
1075 1083 1072 1089 1077 1085 0010 1071 0032 1074 1089 1077 1075 1076 1072 0032 1095 1091 1074 1089 1090 1074 1086 1074 1072 1083 0044 0032 1095 1090
1086 0032 1082 1072 1082 0032 1073 1091 1076 1090 1086 0032 1086 1090 1075 1086 1088 1086 1078 1077 1085 0032 1086 1090 0032 1086 1082 1088 1091 1078
1072 1102 1097 1080 1093 0032 1084 1077 1085 1103 0032 1083 1102 1076 1077 1081 0032 1075 1083 1091 1093 1086 1081 0032 1089 1090 1077 1085 1086 1081
0010 1040 1073 1089 1086 1083 1102 1090 1085 1086 0032 1085 1077 0032 1089 1086 1075 1083 1072 1089 1077 1085 0010 1071 0032 1085 1077 0032 1086 1097
1091 1097 1072 1102 0032 1087 1086 1076 1076 1077 1088 1078 1082 1080 0032 1080 0032 1087 1086 1085 1080 1084 1072 1085 1080 1103 0032 1084 1086 1080
1093 0032 1073 1083 1080 1079 1082 1080 1093 0044 0032 1087 1086 1101 1090 1086 1084 1091 0032 1084 1085 1077 0032 1085 1077 0032 1091 1076 1072 1083
1086 1089 1100 0032 1084 1085 1086 1075 1086 1075 1086 0032 1076 1086 1089 1090 1080 1095 1100 0010 1057 1082 1086 1088 1077 1077 0032 1085 1077 0032
1089 1086 1075 1083 1072 1089 1077 1085 0010 1059 0032 1084 1077 1085 1103 0032 1073 1099 1083 1086 0032 1086 1097 1091 1097 1077 1085 1080 1077 0032
1095 1077 1075 1086 0045 1090 1086 0032 1073 1077 1089 1082 1086 1085 1077 1095 1085 1086 1075 1086 0046 0010 1057 1086 1075 1083 1072 1089 1077 1085
0010 1071 0032 1095 1091 1074 1089 1090 1074 1086 1074 1072 1083 0044 0032 1095 1090 1086 0032 1041 1086 1075 0032 1088 1103 1076 1086 1084 0046 0010
0072 1080 0032 1076 1072 0044 0032 1085 1080 0032 1085 1077 1090 0010 1071 0032 1095 1091 1074 1089 1090 1074 1086 1074 1072 1083 0032 1089 1077 1073
1103 0032 1087 1086 1083 1085 1086 1089 1090 1100 1102 0032 1074 1077 1088 1085 1099 1084 0032 1089 1077 1073 1077 0046 0010 1055 1086 1083 1085 1086
1089 1090 1100 1102 0032 1089 1086 1075 1083 1072 1089 1077 1085 0010 1071 0032 1095 1091 1074 1089 1090 1074 1086 1074 1072 1083 0032 1077 1076 1080
1085 1089 1090 1074 1086 0032 1089 0032 1087 1088 1080 1088 1086 1076 1086 1081 0046 0010 0072 1077 0032 1089 1086 1075 1083 1072 1089 1077 1085 0010
1071 0032 1095 1091 1074 1089 1090 1074 1086 1074 1072 1083 0032 1089 1074 1086 1102 0032 1089 1074 1103 1079 1100 0032 1089 1086 0032 1074 1089 1077
1084 0032 1095 1077 1083 1086 1074 1077 1095 1077 1089 1090 1074 1086 1084 0046 0010 0072 1077 0032 1089 1086 1075 1083 1072 1089 1077 1085 0010 1071
0032 1095 1091 1074 1089 1090 1074 1086 1074 1072 1083 0032 1089 1074 1086 1102 0032 1089 1074 1103 1079 1100 0032 1089 0032 1085 1077 1074 1099 1088
1072 1079 1080 1084 1086 1081 0032 1089 1080 1083 1086 1081 0032 1073 1099 1090 1080 1103 0046 0010 1057 1086 1075 1083 1072 1089 1077 1085 0010 1071
0032 1095 1091 1074 1089 1090 1074 1086 1074 1072 1083 0032 1089 1074 1086 1102 0032 1073 1083 1080 1079 1086 1089 1090 1100 0032 1082 0032 1041 1086
1075 1091 0046 0010 0072 1077 0032 1089 1086 1075 1083 1072 1089 1077 1085 0010 1059 0032 1084 1077 1085 1103 0032 1073 1099 1083 1086 0032 1086 1097
1091 1097 1077 1085 1080 1077 0032 1077 1076 1080 1085 1089 1090 1074 1072 0032 1089 1074 1086 1077 1075 1086 0032 1074 1085 1091 1090 1088 1077 1085
1085 1077 1075 1086 0032 1084 1080 1088 1072 0046 0010 0072 1077 0032 1089 1086 1075 1083 1072 1089 1077 1085 0010 1071 0032 1086 1097 1091 1097 1072
1083 0032 1089 1074 1086 1102 0032 1089 1074 1103 1079 1100 0032 1089 0032 1087 1088 1080 1088 1086 1076 1086 1081 0046 0010 1055 1086 1083 1085 1086
1089 1090 1100 1102 0032 1089 1086 1075 1083 1072 1089 1077 1085 0010 1071 0032 1086 1097 1091 1097 1072 1083 0032 1089 1074 1086 1102 0032 1073 1083
1080 1079 1086 1089 1090 1100 0032 1082 1086 0032 1074 1089 1077 1084 1091 0032 1095 1077 1083 1086 1074 1077 1095 1077 1089 1090 1074 1091 0046 0010
0072 1080 0032 1076 1072 0044 0032 1085 1080 0032 1085 1077 1090 0010 1071 0032 1095 1091 1074 1089 1090 1074 1086 1074 1072 1083 0032 1077 1076 1080
1085 1089 1090 1074 1086 0032 1089 0032 1095 1077 1084 0045 1090 1086 0044 0032 1095 1090 1086 0032 1085 1077 0032 1084 1086 1075 1091 0032 1086 1087
1080 1089 1072 1090 1100 0032 1089 1083 1086 1074 1072 1084 1080 0046 0010 1057 1086 1074 1077 1088 1096 1077 1085 1085 1086 0032 1085 1077 0032 1089
1086 1075 1083 1072 1089 1077 1085 0010 1071 0032 1079 1085 1072 1083 0044 0032 1095 1090 1086 0032 1041 1086 1075 0032 1089 1086 0032 1084 1085 1086
1081 0046 0010 0072 1080 0032 1076 1072 0044 0032 1085 1080 0032 1085 1077 1090 0010 1071 0032 1095 1091 1074 1089 1090 1074 1086 1074 1072 1083 0032
1089 1077 1073 1103 0032 1089 1086 1086 1090 1074 1077 1090 1089 1090 1074 1091 1102 1097 1080 1084 0032 1089 1074 1086 1077 1081 0032 1089 1091 1097
1085 1086 1089 1090 1080 0046 0010 1055 1086 1083 1085 1086 1089 1090 1100 1102 0032 1089 1086 1075 1083 1072 1089 1077 1085 0010 1071 0032 1086 1097
1091 1097 1072 1083 0032 1089 1074 1086 1102 0032 1073 1083 1080 1079 1086 1089 1090 1100 0032 1082 0032 1087 1088 1080 1088 1086 1076 1077 0046 0010
1057 1086 1075 1083 1072 1089 1077 1085 0010 1071 0032 1086 1097 1091 1097 1072 1083 0032 1077 1076 1080 1085 1089 1090 1074 1086 0032 1089 1086 0032
1074 1089 1077 1084 0032 1095 1077 1083 1086 1074 1077 1095 1077 1089 1090 1074 1086 1084 0046 0010 0072 1077 0032 1089 1086 1075 1083 1072 1089 1077
1085 0010 1071 0032 1095 1091 1074 1089 1090 1074 1086 1074 1072 1083 0032 1087 1088 1080 1089 1091 1090 1089 1090 1074 1080 1077 0032 1095 1077 1075
1086 0045 1090 1086 0032 1080 1079 0032 1076 1088 1091 1075 1086 1075 1086 0032 1084 1080 1088 1072 0032 1080 1083 1080 0032 1080 1079 1084 1077 1088
1077 1085 1080 1103 0046 0010 0072 1077 0032 1089 1086 1075 1083 1072 1089 1077 1085 0010 1071 0032 1095 1091 1074 1089 1090 1074 1086 1074 1072 1083
0032 1087 1088 1080 1089 1091 1090 1089 1090 1074 1080 1077 0032 1041 1086 1075 1072 0046 0010 0072 1080 0032 1076 1072 0044 0032 1085 1080 0032 1085
1077 1090 0010 1059 0032 1084 1077 1085 1103 0032 1073 1099 1083 1086 0032 1095 1091 1074 1089 1090 1074 1086 0032 1089 1074 1086 1077 1081 0032 1094
1077 1083 1086 1089 1090 1085 1086 1089 1090 1080 0046 0010 1055 1086 1083 1085 1086 1089 1090 1100 1102 0032 1089 1086 1075 1083 1072 1089 1077 1085
0010 1052 1085 1077 0032 1073 1099 1083 1086 0032 1090 1088 1091 1076 1085 1086 0032 1091 1089 1087 1086 1082 1086 1080 1090 1100 1089 1103 0046 0010
1063 1072 1089 1090 1086 0010 1071 0032 1095 1091 1074 1089 1090 1074 1086 1074 1072 1083 0032 1089 1091 1093 1086 1089 1090 1100 0032 1074 1086 0032
1088 1090 1091 0046 0010 1063 1072 1089 1090 1086 0010 1052 1085 1077 0032 1082 1072 1078 1077 1090 1089 1103 0044 0032 1095 1090 1086 0032 1103 0032
1085 1077 0032 1080 1089 1087 1099 1090 1099 1074 1072 1083 0032 1085 1080 1082 1072 1082 1080 1093 0032 1087 1086 1079 1080 1090 1080 1074 1085 1099
1093 0032 1095 1091 1074 1089 1090 1074 0046 0010 1055 1086 1095 1090 1080 0032 1074 1089 1077 1075 1076 1072 0010 1059 0032 1084 1077 1085 1103 0032
1073 1099 1083 1080 0032 1087 1088 1086 1073 1083 1077 1084 1099 0032 1089 0032 1076 1099 1093 1072 1085 1080 1077 1084 0032 0040 1085 1072 1087 1088
1080 1084 1077 1088 0044 0032 1091 1095 1072 1097 1077 1085 1085 1086 1077 0032 1076 1099 1093 1072 1085 1080 1077 0044 0032 1086 1076 1099 1096 1082
1072 0032 1087 1088 1080 0032 1086 1090 1089 1091 1090 1089 1090 1074 1080 1080 0032 1092 1080 1079 1080 1095 1077 1089 1082 1086 1081 0032 1072 1082
1090 1080 1074 1085 1086 1089 1090 1080 0041 0046 0010 1056 1077 1076 1082 1086 0010 1052 1085 1077 0032 1073 1099 1083 1086 0032 1090 1088 1091 1076
1085 1086 0032 1087 1088 1086 1103 1074 1080 1090 1100 0032 1080 1085 1080 1094 1080 1072 1090 1080 1074 1091 0032 1076 1083 1103 0032 1090 1086 1075
1086 0044 0032 1095 1090 1086 1073 1099 0032 1095 1090 1086 0045 1090 1086 0032 1089 1076 1077 1083 1072 1090 1100 0046 0010 1055 1086 1095 1090 1080
0032 1074 1089 1077 1075 1076 1072 0010 1071 0032 1089 1083 1080 1096 1082 1086 1084 0032 1086 1089 1090 1088 1086 0032 1088 1077 1072 1075 1080 1088
1086 1074 1072 1083 0032 1085 1072 0032 1085 1077 1082 1086 1090 1086 1088 1099 1077 0032 1089 1080 1090 1091 1072 1094 1080 1080 0046 0010 1056 1077
1076 1082 1086 0010 1059 0032 1084 1077 1085 1103 0032 1073 1099 1083 1072 0032 1076 1088 1086 1078 1100 0032 0040 1085 1072 1087 1088 1080 1084 1077
1088 0044 0032 1074 0032 1088 1091 1082 1072 1093 0041 0046 0010 1055 1086 1095 1090 1080 0032 1074 1089 1077 1075 1076 1072 0010 1071 0032 1095 1091
1074 1089 1090 1074 1086 1074 1072 1083 0044 0032 1095 1090 1086 0032 1090 1088 1072 1095 1091 0032 1084 1085 1086 1075 1086 0032 1085 1077 1088 1074
1086 1074 0046 0010 1063 1072 1089 1090 1086 0010 1052 1077 1085 1103 0032 1090 1088 1077 1074 1086 1078 1080 1083 1080 0032 1089 1080 1090 1091 1072
1094 1080 1080 0044 0032 1074 0032 1082 1086 1090 1086 1088 1099 1093 0032 1103 0032 1084 1086 1075 0032 1079 1072 1087 1072 1085 1080 1082 1086 1074
1072 1090 1100 0032 1080 0032 1074 1099 1075 1083 1103 1076 1077 1090 1100 0032 1075 1083 1091 1087 1086 0046 0010 1056 1077 1076 1082 1086 0010 1071
0032 1095 1091 1074 1089 1090 1074 1086 1074 1072 1083 0044 0032 1095 1090 1086 0032 1084 1085 1077 0032 1085 1077 0032 1085 1072 0032 1095 1090 1086
0032 1085 1072 1076 1077 1103 1090 1100 1089 1103 0046 0010 1063 1072 1089 1090 1086 0010 1071 0032 1086 1073 1085 1072 1088 1091 1078 1080 1074 1072
1083 0032 1089 1077 1073 1103 0032 1074 1079 1074 1086 1083 1085 1086 1074 1072 1085 1085 1099 1084 0046 0010 1063 1072 1089 1090 1086 0010 1052 1085
1077 0032 1073 1099 1083 1086 0032 1090 1088 1091 1076 1085 1086 0032 1088 1072 1089 1089 1083 1072 1073 1080 1090 1100 1089 1103 0046 0010 1055 1086
1095 1090 1080 0032 1074 1089 1077 1075 1076 1072 0010 1071 0032 1095 1091 1074 1089 1090 1074 1086 1074 1072 1083 0032 1089 1077 1073 1103 0032 1091
1085 1099 1083 1099 1084 0032 1080 0032 1087 1086 1076 1072 1074 1083 1077 1085 1085 1099 1084 0046 0010 1056 1077 1076 1082 1086 0010 1071 0032 1073
1099 1083 0032 1085 1077 1090 1077 1088 1087 1080 1084 0032 1082 1086 0032 1074 1089 1077 1084 1091 0044 0032 1095 1090 1086 0032 1084 1077 1096 1072
1083 1086 0032 1084 1085 1077 0032 1074 0032 1084 1086 1080 1093 0032 1076 1077 1083 1072 1093 0046 0010 1055 1086 1095 1090 1080 0032 1074 1089 1077
1075 1076 1072 0010 1071 0032 1073 1099 1083 0032 1073 1083 1080 1079 1086 1082 0032 1082 0032 1087 1072 1085 1080 1082 1077 0046 0010 1063 1072 1089
1090 1086 0010 1071 0032 1085 1077 0032 1084 1086 1075 0032 1085 1080 1095 1077 1084 0032 1091 1074 1083 1077 1095 1100 1089 1103 0046 0010 1056 1077
1076 1082 1086 0010 1052 1085 1077 0032 1082 1072 1079 1072 1083 1086 1089 1100 0044 0032 1095 1090 1086 0032 1082 1072 1082 0032 1095 1077 1083 1086
1074 1077 1082 0032 1103 0032 1085 1080 1095 1077 1075 1086 0032 1085 1077 0032 1089 1090 1086 1102 0046 0010 1056 1077 1076 1082 1086 0010 1071 0032
1095 1091 1074 1089 1090 1074 1086 1074 1072 1083 0044 0032 1095 1090 1086 0032 1073 1099 1083 0032 1076 1086 1074 1086 1083 1100 1085 1086 0032 1086
1073 1080 1076 1095 1080 1074 0046 0010 1063 1072 1089 1090 1086 0010 1071 0032 1095 1091 1074 1089 1090 1074 1086 1074 1072 1083 0032 1088 1072 1073
1086 1090 1091 0032 1089 1074 1086 1077 1075 1086 0032 1089 1077 1088 1076 1094 1072 0032 1087 1088 1080 0032 1086 1090 1089 1091 1090 1089 1090 1074
1080 1080 0032 1092 1080 1079 1080 1095 1077 1089 1082 1086 1081 0032 1072 1082 1090 1080 1074 1085 1086 1089 1090 1080 0032 0040 1085 1072 1087 1088
1080 1084 1077 1088 0044 0032 1086 1097 1091 1097 1077 1085 1080 1077 0032 1091 1074 1077 1083 1080 1095 1077 1085 1080 1103 0032 1095 1072 1089 1090
1086 1090 1099 0032 1089 1077 1088 1076 1077 1095 1085 1099 1093 0032 1089 1086 1082 1088 1072 1097 1077 1085 1080 1081 0044 0032 1087 1088 1086 1087
1091 1089 1082 1072 0032 1089 1077 1088 1076 1077 1095 1085 1099 1093 0032 1091 1076 1072 1088 1086 1074 0041 0046 0010 1056 1077 1076 1082 1086 0010
1052 1085 1077 0032 1073 1099 1083 1086 0032 1089 1090 1088 1072 1096 1085 1086 0032 1073 1077 1079 0032 1074 1089 1103 1082 1086 1081 0032 1085 1072
0032 1090 1086 0032 1087 1088 1080 1095 1080 1085 1099 0046 0010 1063 1072 1089 1090 1086 0010 1052 1085 1077 0032 1082 1072 1079 1072 1083 1086 1089
1100 0044 0032 1095 1090 1086 0032 1078 1080 1079 1085 1100 0032 1073 1077 1089 1089 1084 1099 1089 1083 1077 1085 1085 1072 0046 0010 1063 1072 1089
1090 1086 0010