0123 0010 0032 0032 0034 1042 1088 1077 1084 1103 0032 1085 1072 1095 1072 1083 1072 0034 0058 0032 0034 0050 0048 0050 0052 0045 0049 0049 0045 0050
0053 0032 0048 0057 0058 0048 0053 0058 0052 0048 0034 0044 0010 0032 0032 0034 1042 1088 1077 1084 1103 0032 1086 1090 1087 1088 1072 1074 1082 1080
0034 0058 0032 0034 0050 0048 0050 0052 0045 0049 0049 0045 0050 0053 0032 0048 0057 0058 0051 0054 0058 0049 0052 0034 0044 0010 0032 0032 0034 0073
0080 0034 0058 0032 0034 0056 0050 0046 0050 0048 0052 0046 0049 0055 0057 0046 0054 0055 0034 0044 0010 0032 0032 0034 1055 1086 1083 1100 1079 1086
1074 1072 1090 1077 1083 1100 0034 0058 0032 0034 0099 0051 0097 0051 0054 0057 0053 0054 0057 0049 0053 0054 0048 0051 0052 0049 0101 0053 0101 0100
0049 0049 0048 0097 0099 0100 0097 0050 0057 0050 0099 0097 0034 0044 0010 0032 0032 0034 1054 1090 1087 1077 1095 1072 1090 1086 1082 0034 0058 0032
0123 0010 0032 0032 0032 0032 0034 0118 0105 0115 0105 0116 0111 0114 0073 0100 0034 0058 0032 0034 0099 0051 0097 0051 0054 0057 0053 0054 0057 0049
0053 0054 0048 0051 0052 0049 0101 0053 0101 0100 0049 0049 0048 0097 0099 0100 0097 0050 0057 0050 0099 0097 0034 0044 0010 0032 0032 0032 0032 0034
0099 0111 0110 0102 0105 0100 0101 0110 0099 0101 0034 0058 0032 0123 0010 0032 0032 0032 0032 0032 0032 0034 0115 0099 0111 0114 0101 0034 0058 0032
0048 0046 0052 0044 0010 0032 0032 0032 0032 0032 0032 0034 0099 0111 0109 0109 0101 0110 0116 0034 0058 0032 0034 0048 0046 0057 0057 0052 0032 0105
0102 0032 0117 0112 0103 0114 0097 0100 0101 0032 0116 0111 0032 0080 0114 0111 0058 0032 0104 0116 0116 0112 0115 0058 0047 0047 0102 0112 0106 0115
0046 0100 0101 0118 0047 0112 0114 0111 0034 0010 0032 0032 0032 0032 0125 0044 0010 0032 0032 0032 0032 0034 0099 0111 0109 0112 0111 0110 0101 0110
0116 0115 0034 0058 0032 0123 0010 0032 0032 0032 0032 0032 0032 0034 0102 0111 0110 0116 0115 0034 0058 0032 0123 0010 0032 0032 0032 0032 0032 0032
0032 0032 0034 0118 0097 0108 0117 0101 0034 0058 0032 0091 0010 0032 0032 0032 0032 0032 0032 0032 0032 0032 0032 0034 0115 0097 0110 0115 0045 0115
0101 0114 0105 0102 0045 0116 0104 0105 0110 0034 0010 0032 0032 0032 0032 0032 0032 0032 0032 0093 0044 0010 0032 0032 0032 0032 0032 0032 0032 0032
0034 0100 0117 0114 0097 0116 0105 0111 0110 0034 0058 0032 0050 0053 0010 0032 0032 0032 0032 0032 0032 0125 0044 0010 0032 0032 0032 0032 0032 0032
0034 0100 0111 0109 0066 0108 0111 0099 0107 0101 0114 0115 0034 0058 0032 0123 0010 0032 0032 0032 0032 0032 0032 0032 0032 0034 0118 0097 0108 0117
0101 0034 0058 0032 0091 0093 0044 0010 0032 0032 0032 0032 0032 0032 0032 0032 0034 0100 0117 0114 0097 0116 0105 0111 0110 0034 0058 0032 0050 0048
0010 0032 0032 0032 0032 0032 0032 0125 0044 0010 0032 0032 0032 0032 0032 0032 0034 0102 0111 0110 0116 0080 0114 0101 0102 0101 0114 0101 0110 0099
0101 0115 0034 0058 0032 0123 0010 0032 0032 0032 0032 0032 0032 0032 0032 0034 0118 0097 0108 0117 0101 0034 0058 0032 0123 0010 0032 0032 0032 0032
0032 0032 0032 0032 0032 0032 0034 0100 0101 0102 0097 0117 0108 0116 0034 0058 0032 0049 0054 0052 0046 0055 0049 0056 0055 0053 0044 0010 0032 0032
0032 0032 0032 0032 0032 0032 0032 0032 0034 0097 0112 0112 0108 0101 0034 0058 0032 0049 0054 0052 0046 0055 0049 0056 0055 0053 0044 0010 0032 0032
0032 0032 0032 0032 0032 0032 0032 0032 0034 0115 0101 0114 0105 0102 0034 0058 0032 0049 0054 0052 0046 0055 0049 0056 0055 0053 0044 0010 0032 0032
0032 0032 0032 0032 0032 0032 0032 0032 0034 0115 0097 0110 0115 0034 0058 0032 0049 0052 0053 0046 0057 0048 0054 0050 0053 0044 0010 0032 0032 0032
0032 0032 0032 0032 0032 0032 0032 0034 0109 0111 0110 0111 0034 0058 0032 0049 0051 0050 0046 0054 0050 0053 0044 0010 0032 0032 0032 0032 0032 0032
0032 0032 0032 0032 0034 0109 0105 0110 0034 0058 0032 0049 0048 0046 0050 0057 0054 0056 0055 0053 0044 0010 0032 0032 0032 0032 0032 0032 0032 0032
0032 0032 0034 0115 0121 0115 0116 0101 0109 0034 0058 0032 0049 0052 0053 0046 0057 0048 0054 0050 0053 0010 0032 0032 0032 0032 0032 0032 0032 0032
0125 0044 0010 0032 0032 0032 0032 0032 0032 0032 0032 0034 0100 0117 0114 0097 0116 0105 0111 0110 0034 0058 0032 0049 0052 0010 0032 0032 0032 0032
0032 0032 0125 0044 0010 0032 0032 0032 0032 0032 0032 0034 0097 0117 0100 0105 0111 0034 0058 0032 0123 0010 0032 0032 0032 0032 0032 0032 0032 0032
0034 0118 0097 0108 0117 0101 0034 0058 0032 0049 0050 0052 0046 0048 0056 0048 0055 0050 0053 0056 0057 0051 0052 0056 0055 0052 0044 0010 0032 0032
0032 0032 0032 0032 0032 0032 0034 0100 0117 0114 0097 0116 0105 0111 0110 0034 0058 0032 0050 0010 0032 0032 0032 0032 0032 0032 0125 0044 0010 0032
0032 0032 0032 0032 0032 0034 0115 0099 0114 0101 0101 0110 0070 0114 0097 0109 0101 0034 0058 0032 0123 0010 0032 0032 0032 0032 0032 0032 0032 0032
0034 0118 0097 0108 0117 0101 0034 0058 0032 0091 0010 0032 0032 0032 0032 0032 0032 0032 0032 0032 0032 0048 0044 0010 0032 0032 0032 0032 0032 0032
0032 0032 0032 0032 0048 0044 0010 0032 0032 0032 0032 0032 0032 0032 0032 0032 0032 0048 0044 0010 0032 0032 0032 0032 0032 0032 0032 0032 0032 0032
0048 0010 0032 0032 0032 0032 0032 0032 0032 0032 0093 0044 0010 0032 0032 0032 0032 0032 0032 0032 0032 0034 0100 0117 0114 0097 0116 0105 0111 0110
0034 0058 0032 0049 0010 0032 0032 0032 0032 0032 0032 0125 0044 0010 0032 0032 0032 0032 0032 0032 0034 0111 0115 0067 0112 0117 0034 0058 0032 0123
0010 0032 0032 0032 0032 0032 0032 0032 0032 0034 0100 0117 0114 0097 0116 0105 0111 0110 0034 0058 0032 0048 0010 0032 0032 0032 0032 0032 0032 0125
0044 0010 0032 0032 0032 0032 0032 0032 0034 0108 0097 0110 0103 0117 0097 0103 0101 0115 0034 0058 0032 0123 0010 0032 0032 0032 0032 0032 0032 0032
0032 0034 0118 0097 0108 0117 0101 0034 0058 0032 0091 0010 0032 0032 0032 0032 0032 0032 0032 0032 0032 0032 0091 0010 0032 0032 0032 0032 0032 0032
0032 0032 0032 0032 0032 0032 0034 0114 0117 0045 0082 0085 0034 0010 0032 0032 0032 0032 0032 0032 0032 0032 0032 0032 0093 0010 0032 0032 0032 0032
0032 0032 0032 0032 0093 0044 0010 0032 0032 0032 0032 0032 0032 0032 0032 0034 0100 0117 0114 0097 0116 0105 0111 0110 0034 0058 0032 0048 0010 0032
0032 0032 0032 0032 0032 0125 0044 0010 0032 0032 0032 0032 0032 0032 0034 0099 0111 0108 0111 0114 0068 0101 0112 0116 0104 0034 0058 0032 0123 0010
0032 0032 0032 0032 0032 0032 0032 0032 0034 0118 0097 0108 0117 0101 0034 0058 0032 0050 0052 0044 0010 0032 0032 0032 0032 0032 0032 0032 0032 0034
0100 0117 0114 0097 0116 0105 0111 0110 0034 0058 0032 0048 0010 0032 0032 0032 0032 0032 0032 0125 0044 0010 0032 0032 0032 0032 0032 0032 0034 0100
0101 0118 0105 0099 0101 0077 0101 0109 0111 0114 0121 0034 0058 0032 0123 0010 0032 0032 0032 0032 0032 0032 0032 0032 0034 0118 0097 0108 0117 0101
0034 0058 0032 0056 0044 0010 0032 0032 0032 0032 0032 0032 0032 0032 0034 0100 0117 0114 0097 0116 0105 0111 0110 0034 0058 0032 0048 0010 0032 0032
0032 0032 0032 0032 0125 0044 0010 0032 0032 0032 0032 0032 0032 0034 0115 0099 0114 0101 0101 0110 0082 0101 0115 0111 0108 0117 0116 0105 0111 0110
0034 0058 0032 0123 0010 0032 0032 0032 0032 0032 0032 0032 0032 0034 0118 0097 0108 0117 0101 0034 0058 0032 0091 0010 0032 0032 0032 0032 0032 0032
0032 0032 0032 0032 0055 0050 0054 0044 0010 0032 0032 0032 0032 0032 0032 0032 0032 0032 0032 0051 0054 0048 0010 0032 0032 0032 0032 0032 0032 0032
0032 0093 0044 0010 0032 0032 0032 0032 0032 0032 0032 0032 0034 0100 0117 0114 0097 0116 0105 0111 0110 0034 0058 0032 0048 0010 0032 0032 0032 0032
0032 0032 0125 0044 0010 0032 0032 0032 0032 0032 0032 0034 0104 0097 0114 0100 0119 0097 0114 0101 0067 0111 0110 0099 0117 0114 0114 0101 0110 0099
0121 0034 0058 0032 0123 0010 0032 0032 0032 0032 0032 0032 0032 0032 0034 0118 0097 0108 0117 0101 0034 0058 0032 0056 0044 0010 0032 0032 0032 0032
0032 0032 0032 0032 0034 0100 0117 0114 0097 0116 0105 0111 0110 0034 0058 0032 0048 0010 0032 0032 0032 0032 0032 0032 0125 0044 0010 0032 0032 0032
0032 0032 0032 0034 0116 0105 0109 0101 0122 0111 0110 0101 0034 0058 0032 0123 0010 0032 0032 0032 0032 0032 0032 0032 0032 0034 0118 0097 0108 0117
0101 0034 0058 0032 0034 0069 0117 0114 0111 0112 0101 0047 0077 0111 0115 0099 0111 0119 0034 0044 0010 0032 0032 0032 0032 0032 0032 0032 0032 0034
0100 0117 0114 0097 0116 0105 0111 0110 0034 0058 0032 0048 0010 0032 0032 0032 0032 0032 0032 0125 0044 0010 0032 0032 0032 0032 0032 0032 0034 0115
0101 0115 0115 0105 0111 0110 0083 0116 0111 0114 0097 0103 0101 0034 0058 0032 0123 0010 0032 0032 0032 0032 0032 0032 0032 0032 0034 0118 0097 0108
0117 0101 0034 0058 0032 0116 0114 0117 0101 0044 0010 0032 0032 0032 0032 0032 0032 0032 0032 0034 0100 0117 0114 0097 0116 0105 0111 0110 0034 0058
0032 0048 0010 0032 0032 0032 0032 0032 0032 0125 0044 0010 0032 0032 0032 0032 0032 0032 0034 0108 0111 0099 0097 0108 0083 0116 0111 0114 0097 0103
0101 0034 0058 0032 0123 0010 0032 0032 0032 0032 0032 0032 0032 0032 0034 0118 0097 0108 0117 0101 0034 0058 0032 0116 0114 0117 0101 0044 0010 0032
0032 0032 0032 0032 0032 0032 0032 0034 0100 0117 0114 0097 0116 0105 0111 0110 0034 0058 0032 0048 0010 0032 0032 0032 0032 0032 0032 0125 0044 0010
0032 0032 0032 0032 0032 0032 0034 0105 0110 0100 0101 0120 0101 0100 0068 0066 0034 0058 0032 0123 0010 0032 0032 0032 0032 0032 0032 0032 0032 0034
0118 0097 0108 0117 0101 0034 0058 0032 0116 0114 0117 0101 0044 0010 0032 0032 0032 0032 0032 0032 0032 0032 0034 0100 0117 0114 0097 0116 0105 0111
0110 0034 0058 0032 0048 0010 0032 0032 0032 0032 0032 0032 0125 0044 0010 0032 0032 0032 0032 0032 0032 0034 0111 0112 0101 0110 0068 0097 0116 0097
0098 0097 0115 0101 0034 0058 0032 0123 0010 0032 0032 0032 0032 0032 0032 0032 0032 0034 0118 0097 0108 0117 0101 0034 0058 0032 0116 0114 0117 0101
0044 0010 0032 0032 0032 0032 0032 0032 0032 0032 0034 0100 0117 0114 0097 0116 0105 0111 0110 0034 0058 0032 0048 0010 0032 0032 0032 0032 0032 0032
0125 0044 0010 0032 0032 0032 0032 0032 0032 0034 0099 0112 0117 0067 0108 0097 0115 0115 0034 0058 0032 0123 0010 0032 0032 0032 0032 0032 0032 0032
0032 0034 0100 0117 0114 0097 0116 0105 0111 0110 0034 0058 0032 0048 0010 0032 0032 0032 0032 0032 0032 0125 0044 0010 0032 0032 0032 0032 0032 0032
0034 0112 0108 0097 0116 0102 0111 0114 0109 0034 0058 0032 0123 0010 0032 0032 0032 0032 0032 0032 0032 0032 0034 0118 0097 0108 0117 0101 0034 0058
0032 0034 0076 0105 0110 0117 0120 0032 0097 0114 0109 0118 0056 0049 0034 0044 0010 0032 0032 0032 0032 0032 0032 0032 0032 0034 0100 0117 0114 0097
0116 0105 0111 0110 0034 0058 0032 0048 0010 0032 0032 0032 0032 0032 0032 0125 0044 0010 0032 0032 0032 0032 0032 0032 0034 0112 0108 0117 0103 0105
0110 0115 0034 0058 0032 0123 0010 0032 0032 0032 0032 0032 0032 0032 0032 0034 0118 0097 0108 0117 0101 0034 0058 0032 0091 0093 0044 0010 0032 0032
0032 0032 0032 0032 0032 0032 0034 0100 0117 0114 0097 0116 0105 0111 0110 0034 0058 0032 0048 0010 0032 0032 0032 0032 0032 0032 0125 0044 0010 0032
0032 0032 0032 0032 0032 0034 0099 0097 0110 0118 0097 0115 0034 0058 0032 0123 0010 0032 0032 0032 0032 0032 0032 0032 0032 0034 0118 0097 0108 0117
0101 0034 0058 0032 0123 0010 0032 0032 0032 0032 0032 0032 0032 0032 0032 0032 0034 0119 0105 0110 0100 0105 0110 0103 0034 0058 0032 0116 0114 0117
0101 0044 0010 0032 0032 0032 0032 0032 0032 0032 0032 0032 0032 0034 0103 0101 0111 0109 0101 0116 0114 0121 0034 0058 0032 0034 0117 0110 0115 0116
0097 0098 0108 0101 0034 0044 0010 0032 0032 0032 0032 0032 0032 0032 0032 0032 0032 0034 0116 0101 0120 0116 0034 0058 0032 0034 0117 0110 0115 0116
0097 0098 0108 0101 0034 0010 0032 0032 0032 0032 0032 0032 0032 0032 0125 0044 0010 0032 0032 0032 0032 0032 0032 0032 0032 0034 0100 0117 0114 0097
0116 0105 0111 0110 0034 0058 0032 0051 0051 0010 0032 0032 0032 0032 0032 0032 0125 0044 0010 0032 0032 0032 0032 0032 0032 0034 0116 0111 0117 0099
0104 0083 0117 0112 0112 0111 0114 0116 0034 0058 0032 0123 0010 0032 0032 0032 0032 0032 0032 0032 0032 0034 0118 0097 0108 0117 0101 0034 0058 0032
0123 0010 0032 0032 0032 0032 0032 0032 0032 0032 0032 0032 0034 0109 0097 0120 0084 0111 0117 0099 0104 0080 0111 0105 0110 0116 0115 0034 0058 0032
0053 0044 0010 0032 0032 0032 0032 0032 0032 0032 0032 0032 0032 0034 0116 0111 0117 0099 0104 0069 0118 0101 0110 0116 0034 0058 0032 0116 0114 0117
0101 0044 0010 0032 0032 0032 0032 0032 0032 0032 0032 0032 0032 0034 0116 0111 0117 0099 0104 0083 0116 0097 0114 0116 0034 0058 0032 0116 0114 0117
0101 0010 0032 0032 0032 0032 0032 0032 0032 0032 0125 0044 0010 0032 0032 0032 0032 0032 0032 0032 0032 0034 0100 0117 0114 0097 0116 0105 0111 0110
0034 0058 0032 0048 0010 0032 0032 0032 0032 0032 0032 0125 0044 0010 0032 0032 0032 0032 0032 0032 0034 0118 0101 0110 0100 0111 0114 0034 0058 0032
0123 0010 0032 0032 0032 0032 0032 0032 0032 0032 0034 0118 0097 0108 0117 0101 0034 0058 0032 0034 0071 0111 0111 0103 0108 0101 0032 0073 0110 0099
0046 0034 0044 0010 0032 0032 0032 0032 0032 0032 0032 0032 0034 0100 0117 0114 0097 0116 0105 0111 0110 0034 0058 0032 0048 0010 0032 0032 0032 0032
0032 0032 0125 0044 0010 0032 0032 0032 0032 0032 0032 0034 0118 0101 0110 0100 0111 0114 0070 0108 0097 0118 0111 0114 0115 0034 0058 0032 0123 0010
0032 0032 0032 0032 0032 0032 0032 0032 0034 0118 0097 0108 0117 0101 0034 0058 0032 0091 0010 0032 0032 0032 0032 0032 0032 0032 0032 0032 0032 0034
0099 0104 0114 0111 0109 0101 0034 0010 0032 0032 0032 0032 0032 0032 0032 0032 0093 0044 0010 0032 0032 0032 0032 0032 0032 0032 0032 0034 0100 0117
0114 0097 0116 0105 0111 0110 0034 0058 0032 0048 0010 0032 0032 0032 0032 0032 0032 0125 0044 0010 0032 0032 0032 0032 0032 0032 0034 0099 0111 0111
0107 0105 0101 0115 0069 0110 0097 0098 0108 0101 0100 0034 0058 0032 0123 0010 0032 0032 0032 0032 0032 0032 0032 0032 0034 0118 0097 0108 0117 0101
0034 0058 0032 0116 0114 0117 0101 0044 0010 0032 0032 0032 0032 0032 0032 0032 0032 0034 0100 0117 0114 0097 0116 0105 0111 0110 0034 0058 0032 0051
0010 0032 0032 0032 0032 0032 0032 0125 0044 0010 0032 0032 0032 0032 0032 0032 0034 0099 0111 0108 0111 0114 0071 0097 0109 0117 0116 0034 0058 0032
0123 0010 0032 0032 0032 0032 0032 0032 0032 0032 0034 0118 0097 0108 0117 0101 0034 0058 0032 0034 0115 0114 0103 0098 0034 0044 0010 0032 0032 0032
0032 0032 0032 0032 0032 0034 0100 0117 0114 0097 0116 0105 0111 0110 0034 0058 0032 0048 0010 0032 0032 0032 0032 0032 0032 0125 0044 0010 0032 0032
0032 0032 0032 0032 0034 0105 0110 0118 0101 0114 0116 0101 0100 0067 0111 0108 0111 0114 0115 0034 0058 0032 0123 0010 0032 0032 0032 0032 0032 0032
0032 0032 0034 0100 0117 0114 0097 0116 0105 0111 0110 0034 0058 0032 0048 0010 0032 0032 0032 0032 0032 0032 0125 0044 0010 0032 0032 0032 0032 0032
0032 0034 0102 0111 0114 0099 0101 0100 0067 0111 0108 0111 0114 0115 0034 0058 0032 0123 0010 0032 0032 0032 0032 0032 0032 0032 0032 0034 0118 0097
0108 0117 0101 0034 0058 0032 0102 0097 0108 0115 0101 0044 0010 0032 0032 0032 0032 0032 0032 0032 0032 0034 0100 0117 0114 0097 0116 0105 0111 0110
0034 0058 0032 0048 0010 0032 0032 0032 0032 0032 0032 0125 0044 0010 0032 0032 0032 0032 0032 0032 0034 0109 0111 0110 0111 0099 0104 0114 0111 0109
0101 0034 0058 0032 0123 0010 0032 0032 0032 0032 0032 0032 0032 0032 0034 0118 0097 0108 0117 0101 0034 0058 0032 0048 0044 0010 0032 0032 0032 0032
0032 0032 0032 0032 0034 0100 0117 0114 0097 0116 0105 0111 0110 0034 0058 0032 0048 0010 0032 0032 0032 0032 0032 0032 0125 0044 0010 0032 0032 0032
0032 0032 0032 0034 0099 0111 0110 0116 0114 0097 0115 0116 0034 0058 0032 0123 0010 0032 0032 0032 0032 0032 0032 0032 0032 0034 0118 0097 0108 0117
0101 0034 0058 0032 0048 0044 0010 0032 0032 0032 0032 0032 0032 0032 0032 0034 0100 0117 0114 0097 0116 0105 0111 0110 0034 0058 0032 0048 0010 0032
0032 0032 0032 0032 0032 0125 0044 0010 0032 0032 0032 0032 0032 0032 0034 0114 0101 0100 0117 0099 0101 0100 0077 0111 0116 0105 0111 0110 0034 0058
0032 0123 0010 0032 0032 0032 0032 0032 0032 0032 0032 0034 0118 0097 0108 0117 0101 0034 0058 0032 0102 0097 0108 0115 0101 0044 0010 0032 0032 0032
0032 0032 0032 0032 0032 0034 0100 0117 0114 0097 0116 0105 0111 0110 0034 0058 0032 0048 0010 0032 0032 0032 0032 0032 0032 0125 0044 0010 0032 0032
0032 0032 0032 0032 0034 0104 0100 0114 0034 0058 0032 0123 0010 0032 0032 0032 0032 0032 0032 0032 0032 0034 0118 0097 0108 0117 0101 0034 0058 0032
0102 0097 0108 0115 0101 0044 0010 0032 0032 0032 0032 0032 0032 0032 0032 0034 0100 0117 0114 0097 0116 0105 0111 0110 0034 0058 0032 0048 0010 0032
0032 0032 0032 0032 0032 0125 0044 0010 0032 0032 0032 0032 0032 0032 0034 0109 0097 0116 0104 0034 0058 0032 0123 0010 0032 0032 0032 0032 0032 0032
0032 0032 0034 0118 0097 0108 0117 0101 0034 0058 0032 0123 0010 0032 0032 0032 0032 0032 0032 0032 0032 0032 0032 0034 0097 0099 0111 0115 0034 0058
0032 0049 0046 0052 0052 0055 0051 0053 0056 0056 0054 0053 0056 0050 0055 0056 0053 0050 0050 0044 0010 0032 0032 0032 0032 0032 0032 0032 0032 0032
0032 0034 0097 0099 0111 0115 0104 0034 0058 0032 0055 0048 0057 0046 0056 0056 0057 0051 0053 0053 0056 0050 0050 0055 0050 0054 0044 0010 0032 0032
0032 0032 0032 0032 0032 0032 0032 0032 0034 0097 0099 0111 0115 0104 0080 0102 0034 0058 0032 0051 0053 0053 0046 0050 0057 0049 0050 0053 0049 0053
0048 0049 0054 0052 0051 0044 0010 0032 0032 0032 0032 0032 0032 0032 0032 0032 0032 0034 0097 0115 0105 0110 0034 0058 0032 0048 0046 0049 0050 0051
0052 0051 0055 0052 0054 0048 0057 0054 0055 0048 0052 0052 0051 0053 0044 0010 0032 0032 0032 0032 0032 0032 0032 0032 0032 0032 0034 0097 0115 0105
0110 0104 0034 0058 0032 0048 0046 0056 0056 0049 0051 0055 0051 0053 0056 0055 0048 0049 0057 0053 0052 0051 0044 0010 0032 0032 0032 0032 0032 0032
0032 0032 0032 0032 0034 0097 0115 0105 0110 0104 0080 0102 0034 0058 0032 0048 0046 0056 0056 0049 0051 0055 0051 0053 0056 0055 0048 0049 0057 0053
0052 0050 0057 0044 0010 0032 0032 0032 0032 0032 0032 0032 0032 0032 0032 0034 0097 0116 0097 0110 0104 0034 0058 0032 0048 0046 0053 0052 0057 0051
0048 0054 0049 0052 0052 0051 0051 0052 0048 0053 0052 0056 0044 0010 0032 0032 0032 0032 0032 0032 0032 0032 0032 0032 0034 0097 0116 0097 0110 0104
0080 0102 0034 0058 0032 0048 0046 0053 0052 0057 0051 0048 0054 0049 0052 0052 0051 0051 0052 0048 0053 0052 0056 0044 0010 0032 0032 0032 0032 0032
0032 0032 0032 0032 0032 0034 0097 0116 0097 0110 0034 0058 0032 0048 0046 0052 0054 0051 0054 0052 0055 0054 0048 0057 0048 0048 0048 0056 0048 0054
0049 0044 0010 0032 0032 0032 0032 0032 0032 0032 0032 0032 0032 0034 0115 0105 0110 0034 0058 0032 0048 0046 0056 0049 0055 0056 0056 0049 0057 0049
0050 0049 0049 0053 0057 0048 0056 0053 0044 0010 0032 0032 0032 0032 0032 0032 0032 0032 0032 0032 0034 0115 0105 0110 0104 0034 0058 0032 0049 0046
0049 0055 0053 0050 0048 0049 0049 0057 0051 0054 0052 0051 0056 0048 0049 0052 0044 0010 0032 0032 0032 0032 0032 0032 0032 0032 0032 0032 0034 0115
0105 0110 0104 0080 0102 0034 0058 0032 0050 0046 0053 0051 0052 0051 0052 0050 0049 0048 0055 0056 0055 0051 0051 0050 0052 0044 0010 0032 0032 0032
0032 0032 0032 0032 0032 0032 0032 0034 0099 0111 0115 0034 0058 0032 0045 0048 0046 0056 0051 0057 0048 0055 0049 0053 0050 0057 0048 0048 0057 0053
0051 0055 0055 0044 0010 0032 0032 0032 0032 0032 0032 0032 0032 0032 0032 0034 0099 0111 0115 0104 0034 0058 0032 0049 0046 0053 0052 0051 0048 0056
0048 0054 0051 0052 0056 0049 0053 0050 0052 0051 0055 0044 0010 0032 0032 0032 0032 0032 0032 0032 0032 0032 0032 0034 0099 0111 0115 0104 0080 0102
0034 0058 0032 0049 0046 0053 0052 0051 0048 0056 0048 0054 0051 0052 0056 0049 0053 0050 0052 0051 0055 0044 0010 0032 0032 0032 0032 0032 0032 0032
0032 0032 0032 0034 0116 0097 0110 0034 0058 0032 0045 0049 0046 0052 0050 0049 0052 0052 0056 0056 0050 0051 0056 0055 0052 0055 0050 0052 0053 0044
0010 0032 0032 0032 0032 0032 0032 0032 0032 0032 0032 0034 0116 0097 0110 0104 0034 0058 0032 0048 0046 0055 0054 0049 0053 0057 0052 0049 0053 0053
0057 0053 0053 0055 0054 0052 0057 0044 0010 0032 0032 0032 0032 0032 0032 0032 0032 0032 0032 0034 0116 0097 0110 0104 0080 0102 0034 0058 0032 0048
0046 0055 0054 0049 0053 0057 0052 0049 0053 0053 0057 0053 0053 0055 0054 0052 0057 0044 0010 0032 0032 0032 0032 0032 0032 0032 0032 0032 0032 0034
0101 0120 0112 0034 0058 0032 0050 0046 0055 0049 0056 0050 0056 0049 0056 0050 0056 0052 0053 0057 0048 0052 0053 0044 0010 0032 0032 0032 0032 0032
0032 0032 0032 0032 0032 0034 0101 0120 0112 0109 0049 0034 0058 0032 0049 0046 0055 0049 0056 0050 0056 0049 0056 0050 0056 0052 0053 0057 0048 0052
0053 0044 0010 0032 0032 0032 0032 0032 0032 0032 0032 0032 0032 0034 0101 0120 0112 0109 0049 0080 0102 0034 0058 0032 0049 0046 0055 0049 0056 0050
0056 0049 0056 0050 0056 0052 0053 0057 0048 0052 0053 0044 0010 0032 0032 0032 0032 0032 0032 0032 0032 0032 0032 0034 0108 0111 0103 0049 0112 0034
0058 0032 0050 0046 0051 0057 0055 0056 0057 0053 0050 0055 0050 0055 0057 0056 0051 0055 0048 0055 0044 0010 0032 0032 0032 0032 0032 0032 0032 0032
0032 0032 0034 0108 0111 0103 0049 0112 0080 0102 0034 0058 0032 0050 0046 0051 0057 0055 0056 0057 0053 0050 0055 0050 0055 0057 0056 0051 0055 0048
0055 0044 0010 0032 0032 0032 0032 0032 0032 0032 0032 0032 0032 0034 0112 0111 0119 0080 0073 0034 0058 0032 0049 0046 0057 0050 0055 0053 0056 0049
0052 0049 0054 0048 0053 0054 0048 0050 0048 0052 0101 0045 0053 0048 0010 0032 0032 0032 0032 0032 0032 0032 0032 0125 0044 0010 0032 0032 0032 0032
0032 0032 0032 0032 0034 0100 0117 0114 0097 0116 0105 0111 0110 0034 0058 0032 0048 0010 0032 0032 0032 0032 0032 0032 0125 0044 0010 0032 0032 0032
0032 0032 0032 0034 0118 0105 0100 0101 0111 0067 0097 0114 0100 0034 0058 0032 0123 0010 0032 0032 0032 0032 0032 0032 0032 0032 0034 0118 0097 0108
0117 0101 0034 0058 0032 0123 0010 0032 0032 0032 0032 0032 0032 0032 0032 0032 0032 0034 0118 0101 0110 0100 0111 0114 0034 0058 0032 0034 0071 0111
0111 0103 0108 0101 0032 0073 0110 0099 0046 0032 0040 0065 0082 0077 0041 0034 0044 0010 0032 0032 0032 0032 0032 0032 0032 0032 0032 0032 0034 0114
0101 0110 0100 0101 0114 0101 0114 0034 0058 0032 0034 0065 0078 0071 0076 0069 0032 0040 0065 0082 0077 0044 0032 0077 0097 0108 0105 0045 0071 0055
0056 0044 0032 0079 0112 0101 0110 0071 0076 0032 0069 0083 0032 0051 0046 0050 0041 0034 0010 0032 0032 0032 0032 0032 0032 0032 0032 0125 0044 0010
0032 0032 0032 0032 0032 0032 0032 0032 0034 0100 0117 0114 0097 0116 0105 0111 0110 0034 0058 0032 0049 0048 0010 0032 0032 0032 0032 0032 0032 0125
0044 0010 0032 0032 0032 0032 0032 0032 0034 0112 0100 0102 0086 0105 0101 0119 0101 0114 0069 0110 0097 0098 0108 0101 0100 0034 0058 0032 0123 0010
0032 0032 0032 0032 0032 0032 0032 0032 0034 0118 0097 0108 0117 0101 0034 0058 0032 0102 0097 0108 0115 0101 0044 0010 0032 0032 0032 0032 0032 0032
0032 0032 0034 0100 0117 0114 0097 0116 0105 0111 0110 0034 0058 0032 0048 0010 0032 0032 0032 0032 0032 0032 0125 0044 0010 0032 0032 0032 0032 0032
0032 0034 0097 0114 0099 0104 0105 0116 0101 0099 0116 0117 0114 0101 0034 0058 0032 0123 0010 0032 0032 0032 0032 0032 0032 0032 0032 0034 0118 0097
0108 0117 0101 0034 0058 0032 0049 0050 0055 0044 0010 0032 0032 0032 0032 0032 0032 0032 0032 0034 0100 0117 0114 0097 0116 0105 0111 0110 0034 0058
0032 0048 0010 0032 0032 0032 0032 0032 0032 0125 0010 0032 0032 0032 0032 0125 0044 0010 0032 0032 0032 0032 0034 0118 0101 0114 0115 0105 0111 0110
0034 0058 0032 0034 0051 0046 0052 0046 0050 0034 0010 0032 0032 0125 0044 0010 0032 0032 0034 1048 1084 1103 0034 0058 0032 0034 1040 1085 1072 1089
1090 1072 1089 1080 1103 0032 0034 0044 0010 0032 0032 0034 1055 1086 1083 0034 0058 0032 0034 1046 1077 1085 1097 1080 1085 1072 0034 0044 0010 0032
0032 0034 1042 1086 1079 1088 1072 1089 1090 0034 0058 0032 0034 0051 0053 8211 0052 0052 0034 0044 0010 0032 0032 0034 1057 1077 1084 1077 1081 1085
1086 1077 0032 1087 1086 1083 1086 1078 1077 1085 1080 1077 0034 0058 0032 0034 1046 1077 1085 1072 1090 0047 1079 1072 1084 1091 1078 1077 1084 0034
0044 0010 0032 0032 0034 1059 1088 1086 1074 1077 1085 1100 0032 1086 1073 1088 1072 1079 1086 1074 1072 1085 1080 1103 0034 0058 0032 0034 1042 1099
1089 1096 1077 1077 0032 0040 1089 1087 1077 1094 1080 1072 1083 1080 1090 1077 1090 0044 0032 1084 1072 1075 1080 1089 1090 1088 1072 1090 1091 1088
1072 0032 1080 1083 1080 0032 1074 1099 1096 1077 0041 0034 0044 0010 0032 0032 0034 1044 1088 1091 1075 1072 1103 0032 1089 1092 1077 1088 1072 0032
1076 1077 1103 1090 1077 1083 1100 1085 1086 1089 1090 1080 0034 0058 0032 0034 0034 0044 0010 0032 0032 0034 1059 1076 1086 1074 1083 1077 1090 1074
1086 1088 1105 1085 1085 1086 1089 1090 1100 0034 0058 0032 0034 1044 1072 0034 0044 0010 0032 0032 0034 1057 1090 1072 1083 1082 1080 1074 1072 1083
1089 1103 0032 1089 0032 1087 1077 1088 1077 1078 1080 1074 1072 1085 1080 1077 1084 0032 1101 1082 1079 1080 1089 1090 1077 1085 1094 1080 1072 1083
1100 1085 1086 1075 1086 0032 1082 1088 1080 1079 1080 1089 1072 0034 0058 0032 0034 1044 1072 0034 0044 0010 0032 0032 0034 1057 1090 1072 1083 1082
1080 1074 1072 1083 1089 1103 0032 1089 0032 1087 1077 1088 1077 1078 1080 1074 1072 1085 1080 1077 1084 0032 1084 1080 1089 1090 1080 1095 1077 1089
1082 1086 1075 1086 0032 1086 1087 1099 1090 1072 0034 0058 0032 0034 1047 1072 1090 1088 1091 1076 1085 1103 1102 1089 1100 0032 1086 1090 1074 1077
1090 1080 1090 1100 0034 0044 0010 0032 0032 0034 1050 1086 1085 1090 1072 1082 1090 0034 0058 0032 0034 0110 0097 0115 0116 0101 0110 0097 0112 0097
0114 0064 0121 0097 0110 0100 0101 0120 0046 0114 0117 0032 0034 0044 0010 0032 0032 0034 1056 1072 1073 1086 1090 1072 1102 0034 0058 0032 0049 0044
0010 0032 0032 0034 1059 1095 1091 1089 1100 0034 0058 0032 0048 0044 0010 0032 0032 0034 1053 1072 0032 1087 1077 1085 1089 1080 1080 0034 0058 0032
0048 0044 0010 0032 0032 0034 1042 1088 1077 1084 1077 1085 1085 1086 0032 1085 1077 0032 1088 1072 1073 1086 1090 1072 1102 0034 0058 0032 0048 0044
0010 0032 0032 0034 1047 1072 1085 1080 1084 1072 1102 1089 1100 0032 1089 1077 1084 1100 1077 1081 0032 1080 0032 1076 1086 1084 1086 1084 0034 0058
0032 0048 0044 0010 0032 0032 0034 1057 1074 1086 1081 0032 1073 1080 1079 1085 1077 1089 0034 0058 0032 0048 0044 0010 0032 0032 0034 1055 1088 1086
1076 1072 1078 1080 0034 0058 0032 0048 0044 0010 0032 0032 0034 1047 1076 1088 1072 1074 1086 1086 1093 1088 1072 1085 1077 1085 1080 1077 0034 0058
0032 0048 0044 0010 0032 0032 0034 1069 1082 1086 1085 1086 1084 1080 1082 1072 0047 1092 1080 1085 1072 1085 1089 1099 0034 0058 0032 0049 0044 0010
0032 0032 0034 1041 1080 1079 1085 1077 1089 0034 0058 0032 0048 0044 0010 0032 0032 0034 1058 1077 1093 1085 1086 1083 1086 1075 1080 1080 0034 0058
0032 0048 0044 0010 0032 0032 0034 1055 1088 1086 1080 1079 1074 1086 1076 1089 1090 1074 1086 0034 0058 0032 0048 0044 0010 0032 0032 0034 0073 0084
0034 0058 0032 0048 0044 0010 0032 0032 0034 1055 1089 1080 1093 1086 1083 1086 1075 1080 1103 0034 0058 0032 0048 0044 0010 0032 0032 0034 1070 1088
1080 1089 1087 1088 1091 1076 1077 1085 1094 1080 1103 0034 0058 0032 0048 0044 0010 0032 0032 0034 1058 1091 1088 1080 1079 1084 0034 0058 0032 0048
0044 0010 0032 0032 0034 1053 1072 1091 1082 1072 0034 0058 0032 0048 0044 0010 0032 0032 0034 1054 1073 1088 1072 1079 1086 1074 1072 1085 1080 1077
0034 0058 0032 0048 0044 0010 0032 0032 0034 1069 1079 1086 1090 1077 1088 1080 1082 1072 0034 0058 0032 0048 0044 0010 0032 0032 0034 1044 1088 1091
1075 1086 1077 0034 0058 0032 0048 0044 0010 0032 0032 0034 1053 1077 0032 1087 1077 1088 1077 1078 1080 1074 1072 1083 0034 0058 0032 0049 0044 0010
0032 0032 0034 1056 1077 1083 1080 1075 1080 1086 1079 1085 1099 1081 0032 1101 1082 1089 1090 1072 1079 0034 0058 0032 0048 0044 0010 0032 0032 0034
1054 1089 1086 1079 1085 1072 1085 1085 1099 1077 0032 1089 1085 1086 1074 1080 1076 1077 1085 1080 1103 0034 0058 0032 0048 0044 0010 0032 0032 0034
1054 1087 1099 1090 0032 1082 1083 1080 1085 1080 1095 1077 1089 1082 1086 1081 0032 1089 1084 1077 1088 1090 1080 0034 0058 0032 0048 0044 0010 0032
0032 0034 1064 1072 1084 1072 1085 1089 1082 1080 1081 0032 1090 1088 1072 1085 1089 0034 0058 0032 0048 0044 0010 0032 0032 0034 1055 1088 1080 1077
1084 0032 1087 1089 1080 1093 1086 1072 1082 1090 1080 1074 1085 1099 1093 0032 1074 1077 1097 1077 1089 1090 1074 0034 0058 0032 0048 0044 0010 0032
0032 0034 1061 1086 1083 1086 1090 1088 1086 1087 1085 1086 1077 0032 1076 1099 1093 1072 1085 1080 1077 0034 0058 0032 0048 0044 0010 0032 0032 0034
1043 1086 1088 1085 1072 1103 0032 1073 1086 1083 1077 1079 1085 1100 0034 0058 0032 0048 0044 0010 0032 0032 0034 1052 1077 1076 1080 1090 1072 1094
1080 1103 0034 0058 0032 0048 0044 0010 0032 0032 0034 1043 1074 1086 1079 1076 1077 1089 1090 1086 1103 1085 1080 1077 0034 0058 0032 0048 0044 0010
0032 0032 0034 1057 1087 1086 1085 1090 1072 1085 1085 1099 1081 0034 0058 0032 0048 0044 0010 0032 0032 0034 1055 1077 1088 1077 1078 1080 1074 1072
1083 0044 0032 1085 1086 0032 1085 1080 0032 1086 1076 1080 1085 0032 1080 1079 0032 1074 1072 1088 1080 1072 1085 1090 1086 1074 0032 1085 1077 0032
1087 1086 1076 1093 1086 1076 1080 1090 0034 0058 0032 0048 0044 0010 0032 0032 0034 1057 1090 1088 1077 1089 1089 0034 0058 0032 0056 0044 0010 0032
0032 0034 1058 1088 1077 1074 1086 1075 1072 0034 0058 0032 0053 0044 0010 0032 0032 0034 1044 1077 1087 1088 1077 1089 1089 1080 1103 0034 0058 0032
0051 0010 0125