0123 0010 0032 0032 0034 1042 1088 1077 1084 1103 0032 1085 1072 1095 1072 1083 1072 0034 0058 0032 0034 0050 0048 0050 0052 0045 0049 0049 0045 0050
0052 0032 0049 0050 0058 0052 0048 0058 0051 0057 0034 0044 0010 0032 0032 0034 1042 1088 1077 1084 1103 0032 1086 1090 1087 1088 1072 1074 1082 1080
0034 0058 0032 0034 0050 0048 0050 0052 0045 0049 0049 0045 0050 0052 0032 0049 0050 0058 0052 0051 0058 0050 0051 0034 0044 0010 0032 0032 0034 0073
0080 0034 0058 0032 0034 1086 1096 1080 1073 1082 1072 0034 0044 0010 0032 0032 0034 1055 1086 1083 1100 1079 1086 1074 1072 1090 1077 1083 1100 0034
0058 0032 0034 0101 0109 0112 0116 0121 0034 0044 0010 0032 0032 0034 1054 1090 1087 1077 1095 1072 1090 1086 1082 0034 0058 0032 0034 1086 1096 1080
1073 1082 1072 0034 0044 0010 0032 0032 0034 1048 1084 1103 0034 0058 0032 0034 1052 1072 1076 1080 1085 1072 0034 0044 0010 0032 0032 0034 1055 1086
1083 0034 0058 0032 0034 1046 1077 1085 1097 1080 1085 1072 0034 0044 0010 0032 0032 0034 1042 1086 1079 1088 1072 1089 1090 0034 0058 0032 0034 0052
0053 8211 0053 0052 0034 0044 0010 0032 0032 0034 1057 1077 1084 1077 1081 1085 1086 1077 0032 1087 1086 1083 1086 1078 1077 1085 1080 1077 0034 0058
0032 0034 1056 1072 1079 1074 1077 1076 1077 1085 0032 0040 0045 1072 0041 0034 0044 0010 0032 0032 0034 1054 1073 1088 1072 1079 1086 1074 1072 1085
1080 1077 0034 0058 0032 0048 0044 0010 0032 0032 0034 1044 1088 1091 1075 1072 1103 0032 1089 1092 1077 1088 1072 0032 1076 1077 1103 1090 1077 1083
1100 1085 1086 1089 1090 1080 0034 0058 0032 0034 0034 0044 0010 0032 0032 0034 1059 1076 1086 1074 1083 1077 1090 1074 1086 1088 1105 1085 1085 1086
1089 1090 1100 0034 0058 0032 0034 1053 1077 1090 0034 0044 0010 0032 0032 0034 1057 1090 1072 1083 1082 1080 1074 1072 1083 1089 1103 0032 1089 0032
1087 1077 1088 1077 1078 1080 1074 1072 1085 1080 1077 1084 0032 1101 1082 1079 1080 1089 1090 1077 1085 1094 1080 1072 1083 1100 1085 1086 1075 1086
0032 1082 1088 1080 1079 1080 1089 1072 0034 0058 0032 0034 1053 1077 1090 0034 0044 0010 0032 0032 0034 1057 1090 1072 1083 1082 1080 1074 1072 1083
1089 1103 0032 1089 0032 1087 1077 1088 1077 1078 1080 1074 1072 1085 1080 1077 1084 0032 1084 1080 1089 1090 1080 1095 1077 1089 1082 1086 1075 1086
0032 1086 1087 1099 1090 1072 0034 0058 0032 0034 1044 1072 0034 0044 0010 0032 0032 0034 1050 1086 1085 1090 1072 1082 1090 0034 0058 0032 0034 0109
0109 0097 0100 0105 0110 0097 0109 0064 0103 0109 0097 0105 0108 0046 0099 0111 0109 0034 0044 0010 0032 0032 0034 1056 1072 1073 1086 1090 1072 1102
0034 0058 0032 0049 0044 0010 0032 0032 0034 1059 1095 1091 1089 1100 0034 0058 0032 0048 0044 0010 0032 0032 0034 1053 1072 0032 1087 1077 1085 1089
1080 1080 0034 0058 0032 0048 0044 0010 0032 0032 0034 1042 1088 1077 1084 1077 1085 1085 1086 0032 1085 1077 0032 1088 1072 1073 1086 1090 1072 1102
0034 0058 0032 0048 0044 0010 0032 0032 0034 1047 1072 1085 1080 1084 1072 1102 1089 1100 0032 1089 1077 1084 1100 1077 1081 0032 1080 0032 1076 1086
1084 1086 1084 0034 0058 0032 0048 0044 0010 0032 0032 0034 1057 1074 1086 1081 0032 1073 1080 1079 1085 1077 1089 0034 0058 0032 0048 0044 0010 0032
0032 0034 1055 1088 1086 1076 1072 1078 1080 0034 0058 0032 0048 0044 0010 0032 0032 0034 1047 1076 1088 1072 1074 1086 1086 1093 1088 1072 1085 1077
1085 1080 1077 0034 0058 0032 0048 0044 0010 0032 0032 0034 1069 1082 1086 1085 1086 1084 1080 1082 1072 0047 1092 1080 1085 1072 1085 1089 1099 0034
0058 0032 0049 0044 0010 0032 0032 0034 1041 1080 1079 1085 1077 1089 0034 0058 0032 0048 0044 0010 0032 0032 0034 1058 1077 1093 1085 1086 1083 1086
1075 1080 1080 0034 0058 0032 0048 0044 0010 0032 0032 0034 1055 1088 1086 1080 1079 1074 1086 1076 1089 1090 1074 1086 0034 0058 0032 0048 0044 0010
0032 0032 0034 0073 0084 0034 0058 0032 0048 0044 0010 0032 0032 0034 1055 1089 1080 1093 1086 1083 1086 1075 1080 1103 0034 0058 0032 0048 0044 0010
0032 0032 0034 1070 1088 1080 1089 1087 1088 1091 1076 1077 1085 1094 1080 1103 0034 0058 0032 0048 0044 0010 0032 0032 0034 1058 1091 1088 1080 1079
1084 0034 0058 0032 0048 0044 0010 0032 0032 0034 1053 1072 1091 1082 1072 0034 0058 0032 0048 0044 0010 0032 0032 0034 1069 1079 1086 1090 1077 1088
1080 1082 1072 0034 0058 0032 0048 0044 0010 0032 0032 0034 1044 1088 1091 1075 1086 1077 0034 0058 0032 0048 0044 0010 0032 0032 0034 1053 1077 0032
1087 1077 1088 1077 1078 1080 1074 1072 1083 0034 0058 0032 0048 0044 0010 0032 0032 0034 1056 1077 1083 1080 1075 1080 1086 1079 1085 1099 1081 0032
1101 1082 1089 1090 1072 1079 0034 0058 0032 0048 0044 0010 0032 0032 0034 1054 1089 1086 1079 1085 1072 1085 1085 1099 1077 0032 1089 1085 1086 1074
1080 1076 1077 1085 1080 1103 0034 0058 0032 0049 0044 0010 0032 0032 0034 1054 1087 1099 1090 0032 1082 1083 1080 1085 1080 1095 1077 1089 1082 1086
1081 0032 1089 1084 1077 1088 1090 1080 0034 0058 0032 0048 0044 0010 0032 0032 0034 1064 1072 1084 1072 1085 1089 1082 1080 1081 0032 1090 1088 1072
1085 1089 0034 0058 0032 0048 0044 0010 0032 0032 0034 1055 1088 1080 1077 1084 0032 1087 1089 1080 1093 1086 1072 1082 1090 1080 1074 1085 1099 1093
0032 1074 1077 1097 1077 1089 1090 1074 0034 0058 0032 0048 0044 0010 0032 0032 0034 1061 1086 1083 1086 1090 1088 1086 1087 1085 1086 1077 0032 1076
1099 1093 1072 1085 1080 1077 0034 0058 0032 0048 0044 0010 0032 0032 0034 1043 1086 1088 1085 1072 1103 0032 1073 1086 1083 1077 1079 1085 1100 0034
0058 0032 0048 0044 0010 0032 0032 0034 1052 1077 1076 1080 1090 1072 1094 1080 1103 0034 0058 0032 0048 0044 0010 0032 0032 0034 1043 1074 1086 1079
1076 1077 1089 1090 1086 1103 1085 1080 1077 0034 0058 0032 0048 0044 0010 0032 0032 0034 1057 1087 1086 1085 1090 1072 1085 1085 1099 1081 0034 0058
0032 0048 0044 0010 0032 0032 0034 1055 1077 1088 1077 1078 1080 1074 1072 1083 0044 0032 1085 1086 0032 1085 1080 0032 1086 1076 1080 1085 0032 1080
1079 0032 1074 1072 1088 1080 1072 1085 1090 1086 1074 0032 1085 1077 0032 1087 1086 1076 1093 1086 1076 1080 1090 0034 0058 0032 0048 0010 0125